247
28909.682684116597	31.64164485387972	99.5025
28934.796610229947	14.005878245874571	101.351
28913.38087698079	33.253911671704195	103.27
28894.653805297643	51.66780427219106	105.152
28901.97862634284	35.14942989292308	107.143
28895.572799966718	39.64746931879317	109.131
28901.13379287448	61.8621561932497	111.152
28890.865458951117	44.67485629903826	113.25
28914.57600715805	37.248976896847665	115.34
28906.045833119322	55.959839215339244	117.509
28918.47866223742	35.12992626075071	119.713
28920.952184908492	52.59009637422777	121.852
28907.75269174452	52.2986896321922	124.172
28929.86838943484	42.76657548633487	126.529
28902.7832188476	31.145534218395696	128.866
28895.871811993842	40.36130349412153	131.176
28916.447577245704	55.06144205331227	133.63
28927.866633959333	43.93652082715289	136.116
28923.668997639823	42.34861236228965	138.696
28920.084575336346	29.869137794915584	141.309
28918.473096660644	39.44626363209451	143.954
28910.98864464842	25.623992864089868	146.628
28941.39575415089	15.676785926452972	149.328
28943.999936323602	-1.919921667776844	152.13
28927.877632250005	35.97365105048586	154.959
28946.395059500763	16.91210542323373	157.895
28931.783640031368	30.767619556321378	160.772
28948.879498090417	34.45308462681614	163.666
28947.283797988966	30.6269274580523	166.759
28950.294339662596	18.103505177063365	169.875
28927.995380280543	16.348653385942175	173.01
28935.39492720053	17.133795199476975	176.263
28917.798567377027	9.102560474430234	179.533
28938.39620252121	14.825178115093681	182.815
28962.899960547747	-1.511721996292852	186.335
28979.187507414674	26.90817907849935	189.753
29001.998847608837	8.175774927516366	193.424
28990.79815470547	-10.343748155662158	196.85
28967.98565258028	28.83109264448138	200.669
28975.993003082236	20.13666629093404	204.36
28957.496281136624	14.675760918171301	208.044
28974.295677226026	15.827150127267506	211.864
28996.384286210126	30.187521042901363	215.827
28979.295901678845	15.412103678260793	219.941
28955.372699487558	39.76171237094959	224.215
28953.285977003463	28.49603226023653	228.311
28963.68071127444	33.42671609974759	232.378
28975.290876920983	22.993212466434045	236.967
28956.589938836623	24.138642579455023	241.352
28963.695366690954	16.38278136076529	245.7
28950.87635529073	37.000954966134096	250.417
28959.1931502699	19.917965783187498	254.885
28976.491202188277	22.58006876003316	259.74
28954.65833684955	49.119103298327595	264.55
28961.88516539649	29.313416499337144	269.542
28975.786522424714	27.947215787314757	274.725
28983.786716598413	27.74899517670161	279.851
28991.790923130156	22.941436480541228	284.9
28976.79955383436	5.084968501705307	290.135
28983.964155765396	45.583081364207644	295.566
29001.995944212427	15.337923126329608	301.205
29002.687745710762	26.66111023477989	306.435
29009.199987067597	0.8662086482180226	312.5
29001.489707403107	24.43361192367861	318.471
29008.595499279763	16.159182087856703	323.974
29006.49048535371	23.494107449216642	330.033
29004.359993780537	48.173760317692704	335.946
29022.391907745427	21.672868586483805	342.857
29005.394125733605	18.45997991557105	348.837
28984.192352060407	21.055611199695754	355.45
29011.384765282044	29.73147761236907	362.319
29005.57284978441	39.68646934925679	368.55
29006.655066033647	51.0565387072138	375.469
29013.781665932336	32.61719805017144	382.653
28998.95384737642	51.737392013638484	389.61
29020.539248029552	59.38108769942772	396.825
29026.169138494315	42.32710148439486	404.858
29013.472739473753	39.77242528878319	412.088
29019.454402933367	51.44323153989648	419.58
28988.56327461746	46.143618192205274	427.35
29026.185256288278	29.255899116351785	436.047
29031.373859339277	38.95894341671975	443.131
29007.875572509878	37.645448394849396	451.807
29010.28722098067	27.229509831070295	460.829
29009.385499796645	29.004899385127885	468.75
29017.776904040882	36.61130032713038	477.707
29033.67307181763	39.5429995311407	487.013
29031.367678890307	43.320354145849684	495.049
29030.96550525347	44.75301982291325	505.051
29012.05705242019	49.91990700896681	514.58
29026.767042524145	43.74127380507921	523.56
29015.590830766447	23.06732628497869	533.808
29018.563446162927	46.05953773751641	543.478
29032.067801992624	43.238299030594504	554.529
29038.632672688364	62.5315174607863	564.972
29045.957364081194	49.76749920904796	574.713
29036.44398381092	57.0352961831144	584.795
29009.8281848253	64.54995674460508	595.238
29021.230060930222	63.71373917807393	607.287
29012.048540281397	54.64344751070318	619.835
29009.154419117305	51.42497260073968	630.252
29008.51568784264	69.93960385494832	642.398
29007.226533723788	65.2848468685372	655.022
29010.744101000957	56.95038400323039	665.188
29027.30890328042	72.72271679019339	678.733
29040.435630145752	61.144593883378874	689.655
29023.347896299187	54.99500327942101	702.576
29016.7192825204	68.44208799258806	715.99
29012.15303251114	52.204005159713546	729.927
28985.91097710211	71.83889970899983	742.574
28999.338327533667	59.80740118984811	759.494
28997.517268406136	69.26780267890237	771.208
29001.46573354668	44.58201338789751	785.34
28985.63375838543	61.96865939449397	800.0
28989.428819557266	64.24146497717518	815.217
29002.63689784642	60.500096507428715	833.333
29006.330942297554	63.29475421818376	845.07
28994.90146866465	75.58983019220136	862.069
29003.938648255535	59.656418168795284	877.193
29009.315103458408	70.18253529141847	892.857
29005.01951196619	68.33096267775355	911.854
29010.11188138615	71.50293321390022	931.677
29005.999434644153	76.38067440727009	946.372
29010.113885319723	70.68522320614966	961.538
28997.088929363104	80.25872293798831	980.392
29015.596214704103	77.60667013218618	1000.0
29005.516418794716	69.63216950689416	1020.41
29013.62201374106	67.27060100923843	1038.06
29008.998725754085	76.65337042652351	1060.07
28999.78536210332	81.54116713713512	1079.14
28998.171884181364	86.19898765879647	1094.89
29011.966499443864	88.01275559226826	1115.24
28999.07381366377	85.54875615803897	1136.36
29018.553555201783	92.19139811258125	1158.3
29032.28596478611	81.37210138256131	1181.1
29027.357184558845	91.05564254925434	1200.0
29016.769134211685	87.14712766379735	1229.51
29009.372422493314	86.03431341242631	1244.81
29004.290486372312	79.70409106576719	1276.6
29008.308898785017	105.29521674720121	1293.1
29001.363078645387	89.11694891642195	1321.59
29000.28936643399	110.53014564220531	1345.29
29000.525154041963	100.70392137016873	1369.86
29006.981281192206	112.64454076842063	1401.87
29006.185550083326	111.53830793647161	1421.8
29007.732576024973	124.55841127639293	1449.28
29013.272196886774	114.97251565867577	1477.83
29001.504571761612	106.46813650281024	1500.0
29034.215469608847	128.53915483755762	1530.61
29013.60280048204	106.97184611171015	1554.4
28997.976721842635	113.79490090844561	1587.3
28997.470802217747	115.29251723026718	1612.9
29004.801731349227	107.2451636253484	1648.35
28995.97041952662	115.385744081993	1685.39
29016.19701270935	108.53515392293906	1714.29
29006.89670643578	108.59959560206326	1734.1
29015.34963404444	120.53619438659834	1785.71
29035.119979067622	127.51847375286859	1818.18
29039.441962065088	122.41985890164787	1840.49
29006.248581930024	120.77024998957555	1875.0
28990.665831796	139.1963689758776	1923.08
28993.469850947356	115.5235569340712	1948.05
29036.696789388978	132.69725350581066	1973.68
29032.619290588933	127.66964292070186	2013.42
29033.503689044486	131.17156033243668	2054.79
29030.691729480684	133.78605256795703	2097.9
29023.477062883358	156.6856416005017	2142.86
29020.08455241975	155.28303322856385	2173.91
29035.728103450176	146.9581998851158	2205.88
29021.58878067796	154.49480647252614	2272.73
29024.84750363301	143.0469533007001	2307.69
29023.926458997554	165.7958464552214	2343.75
29013.198839784698	152.57143610685478	2380.95
29025.825817194545	165.9135916152889	2419.35
29015.655509228694	177.75772772699762	2500.0
29034.233488596987	164.5898527653355	2542.37
29016.433283547616	164.57554930861238	2564.1
29039.193937620134	171.4396199429334	2631.58
29022.228911581566	182.0682392927936	2678.57
29021.749411135763	178.769145103212	2702.7
29031.235586115054	181.02923379078257	2752.29
29029.581109226485	204.3005453757014	2830.19
29019.529015547276	182.04319764730752	2857.14
29028.393662638486	187.6229380691662	2912.62
29014.338028358427	180.58456787368627	3000.0
29018.967849468467	206.13840378595694	3030.3
29025.230082404152	211.4111243549409	3092.78
29013.97266598749	205.44154236848408	3157.89
29027.456744303458	207.7262563852501	3260.87
29065.326996303	211.9806783174891	3296.7
29052.17552562904	218.87491414252307	3409.09
29037.382860986043	217.84357808788408	3488.37
29021.706397707676	227.74662511895863	3529.41
29019.498075277217	228.7960204679925	3658.54
29021.9351878174	236.64818640012265	3703.7
29004.181236470595	265.89464448760145	3846.15
29021.05247883667	246.57946104219891	3896.1
29044.254187269136	257.9919868897945	4000.0
29007.164506325433	256.66357936825716	4166.67
29002.109488652677	273.599649492564	4225.35
29023.118793686623	272.7101896781345	4411.76
28991.511660338525	283.7288467102212	4477.61
29002.856886693244	279.1237180716937	4615.38
29014.948228688518	290.25548491815914	4761.9
29033.755346807666	299.4938258416483	4918.03
29059.65606380519	327.37089569847274	5172.41
29059.252596510003	327.67627656967676	5357.14
29021.01656844583	339.3027173377498	5555.56
29036.54426553602	353.82878001565456	5769.23
29007.866411996947	367.95415983428916	5882.35
29001.25026236076	376.9574378095318	6250.0
28999.555439684347	398.9857023427369	6521.74
28999.344009249355	407.0035297312081	6818.18
29005.944176350473	407.03793243382415	6976.74
28992.50914725512	443.4299903347106	7317.07
29020.698363059964	499.6914250703062	7894.74
28988.215018250867	492.5929512842911	8333.33
29008.268527588487	529.4607080032497	8823.53
28989.658977964486	551.269762750688	9375.0
29018.3826362073	590.9860731544367	10000.0
28984.43024916949	598.0731485599651	10344.8
28979.52294414366	649.4799225927916	11111.1
28966.067497984273	711.31479825673	12000.0
28964.450618633437	778.0940629160781	13636.4
28990.692766940305	823.9773375981299	14285.7
28968.43986175487	976.6882746770617	16666.7
28939.20843150003	1083.9075644156976	18750.0
28906.904581902207	1140.636599799151	20000.0
28865.849255162895	1306.4792146115212	23076.9
28842.83776068648	1522.6289471562166	27272.7
28847.095407410234	1610.2020232789089	28571.4
28814.68165897626	1740.5047347988188	31578.9
28767.149717643082	1947.5590164889802	35294.1
28729.428572447418	2222.9367941176156	40000.0
28676.669437462242	2524.7858789447464	46153.8
28560.86900173941	2797.010567638399	52173.9
28450.81646744697	3195.4286763513333	60000.0
28356.876721680383	3528.804039815913	66666.7
28319.33108630214	3702.191636639196	70588.2
28142.43099788798	4104.698962057248	80000.0
27780.069695410642	4970.297491914072	100000.0
27594.767342430136	5322.056576846144	109091.0
27355.28861871122	5762.270034197313	120000.0
27070.513511481688	6255.1451353815455	133333.0
26932.15962239852	6478.070558711654	141176.0
26481.017774801556	6995.350596692364	160000.0
26012.823173982142	7667.782396438857	184615.0
