158
433268.21670053335	16701.511821979082	20.0
427586.87167746155	17307.31458320565	21.933
433393.08452142734	19308.796389286978	24.05
484784.4016411229	23174.515517231815	26.3759
431916.8882646735	24864.614530725532	28.9212
434572.2700027104	24951.65502910296	31.7125
441117.41758661345	30009.176441836982	34.7826
442162.2661499883	34407.751947881545	38.1437
454319.03154193755	36713.17990580486	41.8235
453515.01173944934	40871.612837850145	45.8645
448834.5580535467	42370.13567216165	50.2934
452250.39553355303	50045.87755994326	55.1471
448145.6465700858	54612.397688434605	60.4839
444959.1004526126	55588.682736702525	66.3277
442792.3460881774	61391.94596791773	72.7273
445828.79208485683	70713.88655814025	79.766
433734.63996009715	72432.10047820566	87.4381
438494.1181677294	81380.91088397411	95.8773
436361.5643187866	88577.32952771548	105.152
434526.13678406255	96952.93173761263	115.34
423281.5032445632	103699.26427908192	126.529
426084.87765899993	113088.18505624299	138.696
420852.37862792384	122036.36803928003	152.13
2559065.475769331	180454.0582128511	166.759
1991194.2183958243	336035.72299242695	182.815
5266849.863054424	27402130.68741268	200.669
7937836.375720393	24059679.54404817	219.941
1582094.540502162	24642866.26642512	241.352
1850361.3628908338	22388666.50398636	264.55
1457713.9575115787	19559555.732635543	290.135
1261909.6565716425	18146275.70683999	318.471
690705.4601729629	17448434.38183745	332.963
1174547.321603823	16707966.340321412	348.837
939130.1267629362	16191587.570247898	365.408
1335040.895922052	16103153.615556665	382.653
1228999.3025659549	13635726.666162401	400.534
522681.10044761124	13991540.521230495	419.58
562455.9808634707	13321431.310470767	439.883
735277.8762620841	12735792.690079387	460.829
711162.3998263519	12337921.162054539	482.315
575712.006218453	11894675.684771566	505.051
872709.3699289941	11051094.452842131	528.169
726340.4540997873	10727739.03647633	554.529
685136.8562777753	10031630.599666726	580.271
688594.9678730274	9625240.204577751	607.287
603253.371094403	9324807.121879961	635.593
329905.1575446302	9030575.958765058	665.188
724983.5059179254	8257053.706289366	697.674
543145.5801511027	8155493.605684595	729.927
688932.4433867004	7812964.433993619	765.306
525349.9487518904	7478901.293655799	800.0
540491.8122381977	7164561.675867092	840.336
480815.3513966623	6830748.650064743	877.193
439649.7402682542	6544278.619281277	920.245
389628.30650295486	6317706.741126217	961.538
271306.5636783999	6052962.784463904	1006.71
394824.2487505529	5753899.774717888	1060.07
371188.4987921223	5491539.462051097	1107.01
383743.3905407662	5264713.055107209	1158.3
380640.1920737157	5003482.276153088	1214.57
330606.1839339453	4789753.738308958	1276.6
299480.6098647138	4611365.495242712	1327.43
206762.15883251347	4420286.916487992	1401.87
294847.41508753574	4209967.729118146	1456.31
271514.0649352902	4022647.3065062906	1530.61
279641.85526507813	3844372.764663165	1595.74
211979.34155462738	3667368.748688093	1685.39
250674.02572868948	3493919.137991744	1764.71
186246.34662414377	3383708.182936164	1840.49
-110574.14143764265	3144556.5043810755	1935.48
205115.42413116962	3097726.5862053563	2013.42
194178.96340724168	2962202.3907508566	2127.66
175756.97847818365	2826480.788563089	2205.88
307518.20022901805	2782126.0613832558	2307.69
168935.4658206639	2612032.677530654	2419.35
163221.7902656224	2484303.838660337	2542.37
160160.38113685875	2368751.6454694225	2678.57
132446.84885925933	2116499.903573646	2803.74
140647.18599840347	2197874.424522641	2912.62
144067.11391204165	2077029.5970662178	3061.22
123133.73985273908	1956228.5378017258	3260.87
114011.16752590865	1889062.6521318397	3409.09
109960.59906751491	1749527.8068818208	3658.54
104756.55898992448	1677061.409802453	3846.15
102526.36611748258	1549251.2106984921	4166.67
90024.26467585869	1461169.3794251133	4411.76
88135.58999882656	1358604.228381304	4761.9
80253.71449934736	1259806.378341155	5172.41
75127.64389898165	1126818.308123447	5769.23
68143.09368609266	1051614.5259470737	6250.0
63258.95250884946	943913.6389990788	6976.74
58986.60646310941	901649.5855857565	7317.07
60859.6484487727	899453.3802764276	7317.07
62150.25141809403	877629.1336194735	7500.0
56888.306272383066	835692.953026684	7894.74
53947.574244220355	813658.532345212	8108.11
55131.49911024053	798287.5130721121	8333.33
54348.67888566811	798838.3380436761	8333.33
48259.09439914699	754076.3442575124	8823.53
43374.157360044665	730651.7079411407	9090.91
46257.8892683331	711006.8268170416	9375.0
44773.16377235225	709948.5831289574	9375.0
74134.84407333077	658975.0179773305	10000.0
21032.44679696056	686669.9674849141	10000.0
42073.66869969816	644418.9802319203	10344.8
38979.181785077126	603191.8649048293	11111.1
39164.71000213702	604096.7709857821	11111.1
34727.62216935593	560201.627083912	12000.0
35104.292341707376	560354.4948228648	12000.0
34172.590522202394	538107.0233122794	12500.0
31454.706536919308	495500.6210295566	13636.4
30071.945685102062	474871.7778639959	14285.7
30666.39798681408	473936.8915989916	14285.7
29245.437441568934	449613.8593113554	15000.0
25959.681922169377	408419.8164272882	16666.7
24108.77797097216	385787.42647311144	17647.1
23356.923367432144	364486.3905371611	18750.0
23956.018908632017	363312.05231735605	18750.0
22348.281466123135	342351.3410452936	20000.0
18526.621466386954	297504.70056461496	23076.9
18132.284246814055	298520.8255867465	23076.9
17326.631056816477	275276.24651833106	25000.0
15587.330185167444	255128.28136782203	27272.7
15662.982443164652	255356.08447222304	27272.7
14809.180591465696	244022.0441091529	28571.4
14174.469487677929	233253.71652075104	30000.0
13427.408719557436	221311.03953277602	31578.9
12923.023109250702	210571.82265848812	33333.3
12083.076082293184	199332.1110016886	35294.1
11290.122845729844	187896.11052687687	37500.0
10572.362010675122	176676.95721433294	40000.0
9893.787317651282	165250.08650077338	42857.1
8975.205866524244	153965.62346398467	46153.8
7961.488178076396	142624.96315508848	50000.0
7945.469957350025	136584.09033323335	52173.9
7128.865868412525	125392.51690762963	57142.9
6766.749216191059	119372.36364018757	60000.0
6773.54148904744	119411.04113395944	60000.0
6098.316460784318	107893.79450341029	66666.7
5852.387672351193	102100.40833675697	70588.2
5788.003648590812	102059.00618154136	70588.2
5415.8073802121025	96188.05384547729	75000.0
4983.244449738531	90334.05499984017	80000.0
4149.148362673369	78595.65722019586	92307.7
3754.2294199621933	72597.39356769146	100000.0
3788.2269520217906	72540.45244585931	100000.0
3388.93532127982	66613.25001640576	109091.0
3214.3831473305772	63683.83007476982	114286.0
3076.748640356722	60616.56610996752	120000.0
3059.8457198017136	60603.20361442134	120000.0
2601.347728623407	54616.48484253436	133333.0
2704.8375374896978	54607.05201616167	133333.0
2467.359710469067	51481.90766724903	141176.0
2287.6765376104627	48382.64609288403	150000.0
2156.7614260199152	45262.24392483466	160000.0
1751.5334323297354	39051.5399859651	184615.0
1806.6497713499382	39027.90635806232	184615.0
1631.662818331129	35748.882914816735	200000.0
