158
2929885.687721984	626310.8040596746	20.0
2966359.9505210994	723597.8161551214	21.933
2924672.223510985	758267.1441670886	24.05
2821140.382414941	785522.0648127466	26.3759
2854812.519482046	886644.983918915	28.9212
2775414.443289324	917413.0694954218	31.7125
2768433.824632809	1073276.6645320111	34.7826
2683124.5788128204	1103357.4993947004	38.1437
2640083.3760260874	1150182.5203552246	41.8235
2465325.3106401945	1141375.779976441	45.8645
2425367.346835668	1244345.8664709385	50.2934
2301400.5626322213	1331275.4464858482	55.1471
2191961.3188272566	1346289.6749455796	60.4839
2042704.9358344672	1334835.6355812147	66.3277
1963190.5731003864	1430323.9542459522	72.7273
1814102.2941353277	1444429.4563989413	79.766
1683512.2523326827	1478356.224543238	87.4381
1544040.9971403067	1456389.7143450195	95.8773
1408563.0994777677	1471460.7625382284	105.152
1269548.9066916874	1510733.705560957	115.34
1143480.239099912	1446163.0776603336	126.529
1027548.9353218946	1417054.4610278183	138.696
915454.967762889	1355890.1880308182	152.13
792423.3689969549	1331325.159518709	166.759
699895.3665352302	1243986.7545526824	182.815
613576.8066952167	1178544.522827076	200.669
534877.0551905803	1122552.5273815265	219.941
460455.22651371395	1050475.2381547145	241.352
393989.50057033595	989076.9378770983	264.55
332848.6850754991	924720.2781617321	290.135
283381.83584648103	862707.4049040487	318.471
268497.1451668969	826840.2481744743	332.963
242977.15894589495	799025.0079531813	348.837
228064.8529431306	766606.5863244511	365.408
210977.03002877178	736885.4808240143	382.653
193970.65452065802	710474.3181240456	400.534
177055.59384906717	682965.7689341056	419.58
163007.63997703386	653646.9910166479	439.883
149688.069205903	628091.3365597465	460.829
141125.26738457734	602134.980888531	482.315
127189.23273827082	578947.496403128	505.051
118335.31732951848	555760.3661952894	528.169
108630.46400748323	531878.0221568841	554.529
99909.24838290506	510118.2002120322	580.271
91288.90882967986	489603.0767935251	607.287
84200.6741714684	468699.8439065989	635.593
78544.44402486045	449095.22604546306	665.188
72504.23788499423	430801.3406301287	697.674
66800.73233070289	411620.7795970483	729.927
62386.35196342459	393052.73414351884	765.306
57758.78355868339	377243.9694969572	800.0
53233.554430381555	360018.63447842194	840.336
48222.792474726804	346005.7583132677	877.193
45433.48488170227	330159.5945789008	920.245
42038.971087712715	316614.29746441724	961.538
37637.95045244001	303384.22632981377	1006.71
36739.77042950646	288175.4454022534	1060.07
32476.690507713578	276702.6183064883	1107.01
30005.532264459107	264991.61733633484	1158.3
27873.571061640916	252904.61073747085	1214.57
25673.2618473684	241090.9076305377	1276.6
24302.35811719912	232172.55623984375	1327.43
21891.979403169866	220165.2702830562	1401.87
20681.780166415414	212041.7748302161	1456.31
18905.419732542137	202232.24792484607	1530.61
17692.634268307655	194049.09690242805	1595.74
16086.024737056314	184093.54098707216	1685.39
15033.74229915466	176007.10922142494	1764.71
14080.400435628475	168934.2260276832	1840.49
13669.726443482463	160819.0777860648	1935.48
12246.674796147356	154783.2686224109	2013.42
11184.165012251762	146656.1596966821	2127.66
10504.849713673944	141573.80231346874	2205.88
9901.883939354524	135540.79200909057	2307.69
8997.4590362063	129357.46840013449	2419.35
8450.02333146835	123223.6108653599	2542.37
7743.521813943307	117094.2371336736	2678.57
7484.433369919364	111745.63648362846	2803.74
6881.57013863117	107770.51587715028	2912.62
6395.270993630184	102688.04836940876	3061.22
5770.573333736049	96546.30013294127	3260.87
5526.73234398492	92415.1891070291	3409.09
4940.677994181846	86250.10709099326	3658.54
4599.66615453049	82109.06661329714	3846.15
4191.696731753688	75917.76863204691	4166.67
3892.358538387367	71759.01271100824	4411.76
3527.462464975713	66574.3136040334	4761.9
3173.3817351914245	61369.40777229933	5172.41
2815.8626303031974	55113.813169996334	5769.23
2585.3297275712666	50936.63195618391	6250.0
2280.1448409547943	45722.981393870934	6976.74
2160.1343898908667	43630.25859547031	7317.07
2155.240419852033	43616.18317886878	7317.07
2099.430244638935	42574.167560363356	7500.0
1974.728289144004	40476.15765699672	7894.74
1920.9202914353602	39432.63990140594	8108.11
1871.8032616649937	38378.88159912454	8333.33
1883.028527091298	38387.343302397996	8333.33
1775.9042909652735	36278.55906660753	8823.53
1727.753825199645	35229.45843977038	9090.91
1680.0762845135607	34176.830035686675	9375.0
1692.9209457315276	34175.3952129526	9375.0
1618.339909939988	32038.352775632764	10000.0
1534.4287672416494	32048.888525474034	10000.0
1531.902409091779	31019.095934907884	10344.8
1439.608709177222	28909.578134667776	11111.1
1443.8564588471552	28910.567792526064	11111.1
1352.8973549082039	26796.36913831951	12000.0
1355.4013370443292	26796.74323897474	12000.0
1304.1406690340323	25738.781873961547	12500.0
1221.994437709515	23623.916056492562	13636.4
1179.8810179062928	22566.976882683786	14285.7
1179.584897201119	22565.089768939433	14285.7
1142.663810496448	21503.86218929478	15000.0
1062.0015520282432	19383.12827031513	16666.7
1025.3863665801507	18319.726126752867	17647.1
987.6624676016268	17257.059973822048	18750.0
986.19297732413	17255.14074997583	18750.0
950.7435485214588	16190.408938471715	20000.0
878.5664310413104	14058.77489208243	23076.9
880.3460614947993	14059.264740803857	23076.9
846.0315898398053	12990.27895732009	25000.0
810.1338673003653	11917.495882820895	27272.7
809.4827596580687	11917.139204600086	27272.7
795.7592639148555	11381.314950562333	28571.4
779.7680808342388	10846.206128417074	30000.0
762.0981738390433	10311.275320416538	31578.9
748.0419131018109	9775.200027858407	33333.3
732.4228483971395	9253.248508888424	35294.1
718.0765039619993	8716.993647173189	37500.0
703.7975475549996	8178.914876171261	40000.0
689.0761319556208	7642.006054987727	42857.1
674.5995682736916	7102.776238210306	46153.8
660.3867477121287	6563.822863624992	50000.0
653.5189906547027	6294.103397025953	52173.9
639.9910218005006	5754.32978965533	57142.9
632.1589810628412	5484.296654518388	60000.0
632.3109031897385	5484.520730584158	60000.0
618.9089922276373	4943.991819950734	66666.7
612.1542024562589	4673.216867642154	70588.2
611.8661343030407	4673.2344225485895	70588.2
605.6399348011824	4401.851075601493	75000.0
598.6350435128725	4131.303533653554	80000.0
585.627630623527	3588.4271050489897	92307.7
579.234036560504	3316.639792996795	100000.0
579.1281208635114	3316.6481375818416	100000.0
572.1068038790005	3045.03179967884	109091.0
567.8994417276192	2908.658907552664	114286.0
564.5160225621393	2772.4309410101855	120000.0
564.5661557402914	2772.5534004402202	120000.0
557.898977035806	2500.323820532533	133333.0
557.7505450053454	2500.4798848313576	133333.0
554.4438451327356	2364.2174841148662	141176.0
551.0740399541223	2228.020832058947	150000.0
547.8151240503166	2091.7758895880165	160000.0
540.4804641384286	1819.0224111551536	184615.0
540.3922234297926	1819.0277636299575	184615.0
536.3987827218518	1682.472726077459	200000.0
