158
1320295.030731576	123408.40459833632	20.0
1303719.6557567727	129139.7274019198	21.933
1260318.7769760266	136229.42414050232	24.05
1259528.5879348344	145632.6288126463	26.3759
1277933.5718608333	164126.93505641355	28.9212
1284270.7029995322	184389.03171579196	31.7125
1264637.4342480197	196353.26327460323	34.7826
1267290.7689127207	212963.16730506506	38.1437
1262418.304793561	236227.7981571001	41.8235
1247434.938457545	253539.57859754525	45.8645
1248829.6520103042	274908.9179343274	50.2934
1242995.6832365652	309962.02195634303	55.1471
1239369.7109829294	337837.5165639392	60.4839
1210879.7183632043	353019.50619851996	66.3277
1164918.7284032297	369316.9368109211	72.7273
1147681.1498482767	397716.3661240725	79.766
1118401.1958154724	420472.9409825578	87.4381
1086245.0770942962	447440.69616923167	95.8773
1067935.5298902497	485900.8771323957	105.152
1027699.4950698857	509850.4449670529	115.34
984711.8119911356	527371.7938277837	126.529
949867.1842053065	563702.8862529288	138.696
896354.5825853914	580481.5865108633	152.13
855549.3905508871	608146.6510867305	166.759
798960.2840932595	628503.011959066	182.815
740003.777313564	618921.3621338799	200.669
684813.4178894421	638534.0437898204	219.941
626128.9223411757	636855.4184560871	241.352
570008.1611322787	631287.8088824447	264.55
513760.6870838787	616989.3721962322	290.135
459476.03747453896	603622.6326072409	318.471
435158.7845422721	594353.5726860674	332.963
413596.42088069563	577520.077876673	348.837
387994.44817679975	568635.7422990403	365.408
364824.6145246257	558216.1411469202	382.653
338387.96793102793	555285.5616559011	400.534
314501.98496512417	546035.5655788338	419.58
293457.8506490802	532781.976907461	439.883
273634.8539619605	519012.2471399076	460.829
254183.3091325358	507271.6501268662	482.315
237091.97856432226	492214.1701540651	505.051
219441.63809086298	479848.53182749107	528.169
203255.06875567586	463786.5391806078	554.529
190185.03850945923	448443.87203211454	580.271
176740.77518047247	433979.66462681827	607.287
162851.66588201266	420555.35324669606	635.593
149697.62244501268	407720.218683487	665.188
140172.69816937766	392054.1181634451	697.674
129113.32523845044	378466.59390475944	729.927
123521.30405097365	360380.03685907315	765.306
113379.2292995902	348667.9031462904	800.0
104947.97708205545	334787.01633633336	840.336
96727.99330052042	323477.5296864598	877.193
88986.43350969547	310694.7885308419	920.245
82844.25030598373	298823.9267800347	961.538
75168.06274749579	287898.87954417005	1006.71
71098.80977186869	274196.0119057599	1060.07
62883.8945216362	265586.8986034359	1107.01
57850.92223645994	255103.68550334795	1158.3
53504.20158676895	244216.70805569875	1214.57
48923.236317906965	233408.8779570782	1276.6
45441.20061618047	225338.88459731053	1327.43
41640.49627302201	214187.85276979746	1401.87
39514.818418545154	206677.469421196	1456.31
35854.78303103731	197339.19892863973	1530.61
33364.17337695591	189932.83869797876	1595.74
30494.058766474307	180230.48477975864	1685.39
28186.237382600837	172604.74472971962	1764.71
26049.18104764878	165901.38191934032	1840.49
24086.79843582589	158372.7999913871	1935.48
22333.92231286469	152395.14573346134	2013.42
20404.664314598693	144509.5461317644	2127.66
18820.18952182407	139724.20213535888	2205.88
17478.047924669372	133816.40426249302	2307.69
15969.53385611164	127927.09012722249	2419.35
14583.332023464338	121941.0616941373	2542.37
13692.358360206921	115838.57452306495	2678.57
12537.621272973995	110908.5942468638	2803.74
11822.60665528812	106930.41052887778	2912.62
10837.527805625446	101887.2388234282	3061.22
9965.658294586867	95781.65417471934	3260.87
9063.540078515243	91846.18054407678	3409.09
8166.900806518403	85702.25155424149	3658.54
7449.007428367493	81639.26968617568	3846.15
6686.250607324663	75532.84032827079	4166.67
6096.2012984693	71403.43523926941	4411.76
5429.654198673512	66282.98333873354	4761.9
4731.201140089648	61120.658111820216	5172.41
4097.551450510395	54916.1433965498	5769.23
3654.819159499301	50781.04735697519	6250.0
3139.840170354249	45587.800356505795	6976.74
2946.1138508287413	43504.96011189937	7317.07
2957.4369698989126	43507.69991827969	7317.07
2881.322905597443	42460.250007785864	7500.0
2666.3661490060845	40380.66464930258	7894.74
2597.7309424780606	39333.91231635231	8108.11
2511.475623511626	38288.019174181725	8333.33
2488.7799579164393	38286.79542715835	8333.33
2320.2924981572382	36199.41373023871	8823.53
2240.1557463844265	35156.8020707507	9090.91
2179.243701940362	34101.438941598244	9375.0
2165.691266133031	34105.40854688293	9375.0
2023.8576839519017	32030.02368536603	10000.0
2025.304669215415	32017.40724913331	10000.0
1941.548668404684	30961.784501675866	10344.8
1793.3950177731228	28858.829577102162	11111.1
1795.4180159314808	28856.39934205355	11111.1
1658.785985976441	26752.32256725999	12000.0
1653.6753943827496	26751.53686145925	12000.0
1591.3560179164176	25707.693082698832	12500.0
1460.0657589337836	23588.756584220144	13636.4
1398.9474091328445	22531.813091415446	14285.7
1394.4187794482211	22531.99361524679	14285.7
1347.0215597868187	21471.889337630946	15000.0
1234.022796903266	19354.399691716688	16666.7
1173.9514493285883	18296.075909457177	17647.1
1115.5170486497998	17233.333922203554	18750.0
1114.384910135815	17234.50946566399	18750.0
1059.3042558053398	16170.941402826018	20000.0
966.9145729457081	14042.34993042921	23076.9
966.5812788823335	14042.874059155918	23076.9
924.0123752685548	12975.741793452526	25000.0
871.148414944834	11901.459966287292	27272.7
869.209326660578	11901.501476135112	27272.7
852.714187439993	11368.866221155851	28571.4
832.188287363214	10834.286552162792	30000.0
811.0100596611903	10300.722568981671	31578.9
790.6966894152121	9765.601911758835	33333.3
771.9277595308272	9245.470864356543	35294.1
753.0445135322877	8709.043893117025	37500.0
734.3148348302474	8172.737470330747	40000.0
715.9001414826707	7635.8738725194435	42857.1
698.5770208195847	7097.343111022803	46153.8
682.844578283276	6558.48824086078	50000.0
674.2315915577186	6289.826428491135	52173.9
656.649629320347	5750.489948162109	57142.9
648.5392051846767	5480.873296422608	60000.0
648.36433247726	5481.034962018698	60000.0
632.5973824370341	4940.7265938659075	66666.7
624.3402433410121	4670.010374093926	70588.2
624.6888089236406	4670.135274797247	70588.2
616.8108393771096	4399.198990876283	75000.0
609.0054433237618	4128.5644560309365	80000.0
594.3131111024944	3586.380530572805	92307.7
587.0879682687588	3315.0249787315424	100000.0
587.0965237252345	3314.871129234098	100000.0
579.6353378821067	3043.200493424364	109091.0
575.3657623287882	2907.007705448992	114286.0
571.8291657236343	2771.0237013291335	120000.0
571.5220253527903	2771.025802304382	120000.0
564.2708566393608	2499.0062998615035	133333.0
564.2533669051155	2498.989745464403	133333.0
560.531948767315	2363.0178421906	141176.0
556.9750035119362	2226.7179318141934	150000.0
553.3359793532318	2090.6429180644886	160000.0
545.3637478462597	1818.0341326375258	184615.0
545.3955994037537	1817.909734214276	184615.0
541.0095022582599	1681.4370007128634	200000.0
