158
10919143.74906786	5599083.923928297	20.0
10154892.487525357	5984076.384606155	21.933
10405227.175007531	5605777.0270039085	24.05
9858771.362290105	5822196.096499027	26.3759
8576996.904401643	6506732.95455443	28.9212
7906754.45499539	6307000.301126562	31.7125
9174753.450304318	5185373.353590752	34.7826
7880127.0771666	5885698.288164777	38.1437
5638662.793510632	5826274.128590147	41.8235
5873772.115491901	6257163.874933259	45.8645
5174291.886169118	5800564.0585312415	50.2934
5848821.2414236395	5930109.306873832	55.1471
4980678.896086246	6218616.008645421	60.4839
3587138.3268590313	6443518.736092803	66.3277
3557528.3965958236	5438793.321042301	72.7273
3126031.701302794	5695598.685594866	79.766
3068478.8315970665	5900123.708503128	87.4381
2199586.390236478	5002279.334691982	95.8773
2081732.1676790682	5181031.925606154	105.152
1656728.5945785465	4625715.216742789	115.34
1716985.2485181438	4021000.407109043	126.529
1443416.727388497	3901162.6328564	138.696
1277294.9559896328	3568268.7392492513	152.13
1195898.6131162324	3368236.6432224847	166.759
930264.6642128776	3228581.307543129	182.815
764365.3870557826	2941809.819680916	200.669
728883.4905110791	2727808.200251694	219.941
542473.6920435142	2462229.7073670193	241.352
488795.2106033646	2346173.7242990364	264.55
427991.7275650808	2078492.6006930738	290.135
361376.6453334552	1916069.3992409403	318.471
340679.58607276535	1852138.58113622	332.963
324330.3635974233	1780664.2066512045	348.837
299018.5984983328	1712134.8312128028	365.408
284470.9303104767	1634103.9233195337	382.653
257236.7758957748	1579632.0567545935	400.534
235917.61164610912	1489188.738244819	419.58
228105.88486322842	1410848.8913383898	439.883
202447.65294336554	1375440.953082946	460.829
175279.61505217853	1315060.2315662808	482.315
173530.27998560286	1249124.0516170193	505.051
157424.24405271598	1204314.577253149	528.169
138774.95510741798	1143711.4679126611	554.529
143036.67750665534	1100644.592449287	580.271
124861.21753793427	1052821.787557108	607.287
113362.46041374437	1013811.7031623487	635.593
111518.31251933874	962294.7397745864	665.188
100798.79437578043	926272.5809033695	697.674
91680.1282326946	882950.0087186345	729.927
87825.8355461549	843551.3564280599	765.306
79148.51464080559	808512.1537485719	800.0
71522.76725427122	770904.2482625785	840.336
69609.22678697041	740707.3675798831	877.193
66185.04787122969	705857.8564798178	920.245
57923.123133975045	675256.2458077722	961.538
55704.317961717556	649097.1639511451	1006.71
49366.20072566195	616106.403786646	1060.07
47464.64352982738	587084.4126823556	1107.01
43863.67196737423	562841.3831494079	1158.3
37859.56431457837	540400.4339514453	1214.57
36638.36665613755	513266.98940977146	1276.6
34091.41372084542	493921.87127066375	1327.43
31573.84559340719	470671.1609132683	1401.87
29877.66574224647	449331.7594670942	1456.31
27828.83007105387	430363.1825108607	1530.61
27684.21663975713	412257.5102348567	1595.74
22768.9066019358	392986.9593359967	1685.39
24872.125037036778	373826.4942525369	1764.71
21590.83566285431	358949.24072823947	1840.49
24776.115413221305	342260.404430648	1935.48
19190.538417971904	328908.62904342957	2013.42
18035.912768865597	311428.1752677395	2127.66
16770.581962793487	301303.6350272416	2205.88
15024.142999480942	287647.90408958506	2307.69
15363.595351058102	275990.70756438334	2419.35
13970.030679266889	261267.77666566602	2542.37
13167.090549942315	248545.4706134264	2678.57
11318.650557738383	237448.38528310065	2803.74
11742.588549169492	230282.80512918223	2912.62
11296.076410897222	219067.95643982067	3061.22
10028.098486287498	205583.566524052	3260.87
10033.191733905467	196672.2457481754	3409.09
8636.092463414167	183304.67525669758	3658.54
8019.383712876583	174703.040196402	3846.15
6454.350695279418	161911.4046542193	4166.67
7188.758636194441	152578.74443470343	4411.76
6269.348976801429	141584.26463561226	4761.9
5525.696307784974	130613.16771410963	5172.41
5296.787094238232	117249.41879377616	5769.23
4717.25390403305	108138.15976150549	6250.0
4228.18639487263	97281.65778840435	6976.74
3848.5055349166028	92825.45551834215	7317.07
3910.6727341664005	92825.65972168605	7317.07
3876.841729647327	90656.8433947116	7500.0
3691.5209381260947	86217.50741823483	7894.74
3611.1460904828896	83946.06474161363	8108.11
3534.6229717276487	81821.28895469525	8333.33
3488.4428001081255	81691.35092817583	8333.33
3368.4040569271215	77338.08055588964	8823.53
3255.5427889640973	75099.56974017377	9090.91
3193.3222344911624	72766.06459275303	9375.0
3112.628387174817	72828.01435418484	9375.0
3032.444682445798	68534.84488096478	10000.0
2991.1359460114863	68456.18356293665	10000.0
2884.0631694827193	66100.91232407033	10344.8
2635.8774441006417	61620.24941250791	11111.1
2777.0365847906874	61598.733635495584	11111.1
2506.0814219295116	57124.15454706231	12000.0
2524.1255967287657	57143.67988091018	12000.0
2404.9253418909207	54879.631170316105	12500.0
2299.8522974618177	50336.48776394575	13636.4
2212.4723354604366	48143.88927221005	14285.7
2246.4525263918604	48110.5811651311	14285.7
2140.47119291748	45899.317682426285	15000.0
1973.3294827504883	41297.480793778544	16666.7
1922.1341567620273	39074.45215448847	17647.1
1865.9436557078845	36805.03049263407	18750.0
1803.0664226234653	36790.042689776914	18750.0
1797.047266479217	34520.25651877517	20000.0
1631.1057389515001	29994.382670066065	23076.9
1637.8773877767314	29995.31559531604	23076.9
1566.2543642087046	27721.08820657294	25000.0
1477.145708258186	25445.26050498549	27272.7
1482.6239094316165	25455.159186954254	27272.7
1459.9435697951837	24300.68404434356	28571.4
1426.1189840933691	23156.326666447087	30000.0
1389.8138704394987	22034.61286171223	31578.9
1336.06210651839	20868.173778688102	33333.3
1333.3201068525307	19731.402749238656	35294.1
1293.4903950790547	18586.345049197764	37500.0
1263.322884710793	17444.51522195346	40000.0
1238.2052291113098	16293.018376304663	42857.1
1210.5105140337787	15142.09088783361	46153.8
1169.4303076577805	13990.209210570492	50000.0
1153.0691694293503	13413.931975767266	52173.9
1130.4097978512418	12255.67839733574	57142.9
1107.827195305981	11688.015702647755	60000.0
1104.2352529240109	11688.55649197966	60000.0
1082.7776559385331	10539.526438498091	66666.7
1068.2963085343222	9951.422860936618	70588.2
1065.229243074038	9953.461345165304	70588.2
1057.925518632893	9457.694847024053	75000.0
1041.7286512321496	8883.066145245235	80000.0
1009.3611499401039	7735.706800764336	92307.7
996.1516616259474	7163.44905275663	100000.0
999.7860101117265	7169.495575762975	100000.0
983.7414099796583	6589.999116744345	109091.0
974.4021083355047	6304.4435933134755	114286.0
968.5212429129872	6019.096502999954	120000.0
968.087521141236	6014.861619714175	120000.0
958.3977225360975	5448.967536840132	133333.0
952.273905454134	5451.452137641046	133333.0
948.5700663132772	5166.675818182753	141176.0
943.5268240542983	4882.682212922526	150000.0
933.9027118350778	4602.118030996933	160000.0
917.4846080590244	4047.0848820323467	184615.0
915.3416163586046	4047.4265719049213	184615.0
900.5012131476157	3767.393628958842	200000.0
