158
-9729531.502354914	107736562.23281251	20.0
137733044.87134638	170659690.57298705	21.933
12441667.982522309	181024951.87628883	24.05
60277.12288599251	190807990.4790899	26.3759
-158819756.1449216	-280301890.145371	28.9212
-278760624.0491038	-263297645.41437545	31.7125
-112693906.55868784	139438856.31179616	34.7826
83180123.9632043	-1363588.3381606087	38.1437
-89352458.90581709	-14627222.385821156	41.8235
16659502.88808051	47676348.15883068	45.8645
-48746800.84966846	15580528.019382482	50.2934
-20438499.508900717	64504523.064934485	55.1471
-21768527.694830183	36730981.6231395	60.4839
-24705883.671251554	25817121.730793037	66.3277
7902669.518950891	37595803.45243661	72.7273
3100036.855489479	60476998.54039226	79.766
-41868708.34128707	76869238.27020949	87.4381
-28941005.639890574	45314752.23546767	95.8773
-5732781.086203851	51651634.964032486	105.152
-16789214.65976378	31567944.898557667	115.34
3303401.013820607	41405433.34807509	126.529
4722694.991356308	36695140.779926404	138.696
-2959023.962279268	30080611.078079134	152.13
7843552.277355079	28034633.101084057	166.759
-7353498.201158158	31971129.773837578	182.815
1619645.2863704688	26425712.08570051	200.669
-560995.6931458655	24236008.130099967	219.941
4478379.315731151	21573883.775167406	241.352
2672553.306523521	19481034.13768864	264.55
-1126624.8418321784	19649027.613491885	290.135
1658301.465148646	17181257.505220212	318.471
307619.9956458223	15351018.101359885	332.963
-1270705.5194751713	16054490.63573103	348.837
956723.9760423625	13559690.364962826	365.408
247521.389276865	12267503.134780543	382.653
-209692.54439015652	13678192.756238932	400.534
847375.5469777093	12521861.081020832	419.58
-24627.13814419731	12431975.607443364	439.883
702986.9648566529	11226812.137345206	460.829
258743.97537725748	10921135.343690507	482.315
371636.8451081855	10358735.599259112	505.051
628192.8860944406	10264394.899742525	528.169
181899.6978671661	9480355.104631674	554.529
232379.60276917738	9327085.639181022	580.271
482517.392581407	8720571.131179221	607.287
664966.2693036912	8268363.820266277	635.593
300499.97944633465	8429295.36704301	665.188
762931.2453923257	7794983.174305389	697.674
445155.77787653194	7326919.469894775	729.927
370454.21409149177	7078142.255151548	765.306
375380.79554072995	6743530.23417551	800.0
223544.19699057276	6635895.78787912	840.336
209260.21714485332	6145888.500780053	877.193
472807.04292331886	5882860.770837782	920.245
105344.60124592904	5801343.620661367	961.538
279774.2146767867	5469919.759347662	1006.71
320793.3888890972	5207338.263042362	1060.07
201453.98063758624	4981508.228447011	1107.01
216827.122517965	4856071.666176332	1158.3
117994.653781341	4548199.6805966	1214.57
182875.3309237589	4339738.552198684	1276.6
204229.59912324653	4203141.192113579	1327.43
164504.5124753518	3989529.8459561933	1401.87
153677.41204927463	3857800.304918055	1456.31
254343.96577645297	3684882.5584505545	1530.61
130512.94321538394	3541726.108630262	1595.74
232377.6221542998	3351142.8045999343	1685.39
161410.80728460345	3197007.9320658143	1764.71
157170.34890491675	3059365.4638544098	1840.49
87239.73896333342	2472851.6130260644	1935.48
113580.89636946993	2796874.693721531	2013.42
104618.78990537293	2654459.1575683993	2127.66
111500.5314713319	2544508.190983399	2205.88
157511.22854706974	2476325.6614955943	2307.69
124299.90156356168	2348723.179638522	2419.35
94336.19249795807	2236611.419711745	2542.37
100251.73189066091	2108548.0917334855	2678.57
152995.5226472939	1841866.6005305273	2803.74
87453.2056768751	1939689.5350588553	2912.62
65586.41287684566	1866938.3146065506	3061.22
60311.25844110235	1747639.635195211	3260.87
73465.38004952959	1709402.0587135663	3409.09
37714.97797453978	1567846.4435130055	3658.54
50379.271807357596	1500174.3129957134	3846.15
78131.55908717777	1388052.7806876102	4166.67
48857.84005407719	1330903.5094495958	4411.76
37768.32713041614	1217784.4679440486	4761.9
36278.008365785856	1129027.306228247	5172.41
23498.29891028706	1017778.7738248046	5769.23
22121.184349641637	935144.3942188657	6250.0
16109.729159965389	842298.957517693	6976.74
14702.17535495378	808640.3583273792	7317.07
18497.052755031997	813465.7288511776	7317.07
11800.041445814102	786369.4709141989	7500.0
14789.16807437344	747196.654272935	7894.74
8832.474810438265	729162.5072949945	8108.11
11568.785933263596	703217.846162219	8333.33
11301.519085623277	703852.2735030109	8333.33
5592.496166142702	684364.1499637687	8823.53
7850.8959897976265	654256.8974402619	9090.91
3199.450499280274	635401.9449265974	9375.0
6284.278573607679	638728.0860615175	9375.0
26635.25110992059	598305.4218393073	10000.0
13622.092828035882	601012.645853633	10000.0
-4431.255665640391	579519.0585901603	10344.8
-3135.36932613641	538654.8749943592	11111.1
-297.49150252830555	539398.9179631397	11111.1
-13067.175138419558	500216.3518947595	12000.0
6169.7188055422575	496740.6862849676	12000.0
-7364.996373396772	480690.5811823442	12500.0
-7306.340554922058	442057.62442434527	13636.4
-8480.913169978367	420289.44161946693	14285.7
-9819.924005787905	420935.47200553265	14285.7
-15339.776352297433	398254.6845442769	15000.0
-12771.065340211133	361250.32659649744	16666.7
-13882.985339222747	340411.0226682898	17647.1
-14906.46418290478	320826.8898558283	18750.0
-14607.445558711788	324795.68640954775	18750.0
-15976.17030791227	302790.81711024954	20000.0
-18109.40057340224	260059.2323526932	23076.9
-17519.464959612615	261292.32477921908	23076.9
-18921.268535779822	240540.96169467043	25000.0
-20995.299192481554	222879.30224185958	27272.7
-20453.100506531093	223200.84492597633	27272.7
-20569.35188910191	211672.93323158327	28571.4
-21186.675983983914	201371.52243986656	30000.0
-22605.963992123194	192018.90380112795	31578.9
-22518.713567686736	181524.5729791327	33333.3
-22463.44621667578	170940.34539590272	35294.1
-22621.66580446755	160297.65198601937	37500.0
-22846.619797593943	149682.453947763	40000.0
-23463.756831541163	139142.50811434406	42857.1
-23829.98136126088	128700.42941778383	46153.8
-24002.89910353966	118464.76783679312	50000.0
-24255.688105997706	112414.95273541044	52173.9
-24284.391521667832	101393.41423101576	57142.9
-24145.001321802614	95651.74198926098	60000.0
-24132.069102430258	95776.59495323234	60000.0
-23874.620398477033	84528.76844789958	66666.7
-23944.41643731448	79023.52519172037	70588.2
-23939.643156223607	79132.1697943553	70588.2
-23549.09482889572	73324.8574338858	75000.0
-23426.94374115533	67454.92212425082	80000.0
-22429.150368762523	56011.65748293332	92307.7
-21707.540438128366	49923.925095459206	100000.0
-21667.723293162773	49865.66874444713	100000.0
-20908.898021449084	43970.6405339818	109091.0
-20355.998397683717	40947.65866473318	114286.0
-19680.271292311274	38074.37392618596	120000.0
-19659.78476398355	38049.39084826248	120000.0
-18288.803658694753	32364.8793566995	133333.0
-18232.96580607778	32380.761932888458	133333.0
-17438.793233026623	29534.42825814891	141176.0
-16655.064087079543	26700.314628394794	150000.0
-15775.08234294328	23898.74665256233	160000.0
-13703.398068513867	18392.556967856603	184615.0
-13699.971140295684	18368.544655608006	184615.0
-12449.985930621337	15678.720441647358	200000.0
