334
23007.489387620994	-245.57996357043777	20.0
17410.498110060576	8.112310216070158	20.3721
17492.19997874573	0.8623038111333892	20.7512
16735.122827282587	-50.82318137699271	21.1402
17143.45103297717	-40.97474727144944	21.5332
16984.8984128089	-7.342789783132107	21.933
16858.994948616248	13.050767478383806	22.3414
16924.011220396285	-79.93654921650676	22.7583
16574.7918328163	-16.454142520191606	23.1803
16561.38903050081	-19.061490170709355	23.6128
16483.99663465577	10.53321684875173	24.05
16394.79060747379	17.549276027820007	24.4998
16549.29735674832	9.35349790023355	24.9543
16445.9945326636	-13.41013045963304	25.4194
16722.09638845411	10.990234297512542	25.8911
17091.594328908508	-60.10146439636445	26.3759
20340.264738820722	-37.87406350490994	26.8673
24596.568158245544	80.53401009180695	27.3673
25107.642287086448	88.99226768907954	27.8733
19903.697390335445	10.192347816543222	28.3956
19886.088685871353	-21.212912561583053	28.9212
19569.399999219277	0.17480450212532606	29.4638
19558.29292838659	16.63181959751587	30.006
19351.58580581564	23.438433278553827	30.5686
19055.289212197447	20.27632884653732	31.1333
18892.682682699837	-25.580086272839168	31.7125
18816.25717617201	40.144366419629726	32.3032
19061.993364378384	-15.905231669781234	32.9092
19043.69825169188	-8.160178162086384	33.5233
19149.587439952968	-21.932614878414874	34.1413
19008.59466306742	14.244128781837864	34.7826
19126.687381149706	21.970748020878794	35.4233
18894.888195270865	21.12103723255328	36.0881
18790.904115745638	60.02926664297429	36.7602
18807.298706029527	6.976544991092535	37.4392
18775.48870804318	20.591846516496304	38.1437
18995.374795128668	30.94434666639604	38.845
18276.685543952986	22.987332599071888	39.5674
13380.469800531617	28.42827925439219	40.3063
13672.773950016986	26.68991826304781	41.0565
13705.29577177631	-10.765599397893975	41.8235
13727.199379191139	4.128430016387982	42.6015
13348.699838238956	2.078123987332341	43.3902
13550.896999902625	9.017096541199816	44.2022
13624.993713573178	13.088357092614105	45.018
13803.898142235263	-7.161619499888704	45.8645
13717.699345864228	4.236328147458794	46.7144
13600.39883091797	-5.639145782254731	47.5813
13514.398834453988	-5.612780834606863	48.4653
13272.794172154378	12.437991185968404	49.3665
13514.196918342555	-9.126459368167042	50.2934
13708.290661995823	-16.000507432604746	51.2295
13713.289984651145	16.573679934770997	52.183
13768.498525281018	6.37254536576911	53.1444
13818.099394310457	4.091327043755862	54.1516
13900.788711067118	17.715819737020762	55.1471
13900.398145048686	7.181164741181836	56.1693
14122.189443825571	-17.267098818150743	57.2192
13861.723734974528	45.98190126295598	58.2864
13875.062342487907	32.3264918292207	59.3824
14001.997801109881	-7.847146873386496	60.4839
13817.896388587287	9.990208527882164	61.6143
13910.79728208516	8.695788184499314	62.7484
14012.09446356935	12.45608321920116	63.9114
13991.395490072855	11.23389375888332	65.1042
14044.180647176949	23.315005050873893	66.3277
13898.273509493234	27.135683492016543	67.5524
13978.511421347956	49.763472997602356	68.8073
13355.07148536624	27.597658553031078	70.0771
13325.999655464972	3.0302718416469814	71.4116
13208.496663608958	9.388153759857572	72.7273
13304.875209474118	25.684047987836657	74.0741
13484.599346925217	4.196773049631342	75.4717
13383.398201407586	6.9384839953268385	76.8837
12837.024504551782	44.025896210122724	78.2881
14233.751077724683	37.31886080009636	79.766
13824.589178145578	17.297846692622066	81.2568
13519.437300949552	41.174211514622115	82.7586
13713.79221207582	14.615197863463987	84.2933
13707.658327410974	-33.800428407755376	85.8615
14753.67224039853	28.620148389275887	87.4381
14814.6476633711	39.37893057485855	89.1001
14695.895734905334	55.35836694853389	90.7441
14843.89078442547	-16.540557686133575	92.4214
14823.665106884673	113.5500283127588	94.1324
14793.550359529241	38.323883836323525	95.8773
14857.481654408666	23.348209994913724	97.688
14908.980914075531	80.82539038932185	99.5025
14624.664907312177	32.03808408327295	101.351
14493.334131083531	43.695820958243495	103.27
14454.401986928395	53.230163258007785	105.152
14464.395915898394	10.869597131888236	107.143
14655.573183556706	60.96844604864954	109.131
14498.434020905503	43.74004400870676	111.152
14482.35579800702	64.62808934551568	113.25
14102.242389850517	40.30965024877843	115.34
13917.77869883625	24.35015851939295	117.509
14167.873590934427	59.84907102738081	119.713
14556.658901899415	64.09254053720615	121.852
14450.41120756967	91.35875516285017	124.172
14391.868203502088	61.592313039408005	126.529
14796.664310755308	63.368089920221806	128.866
14773.205689396318	52.78777119993885	131.176
14697.34636261161	39.70714579624103	133.63
14723.47465088987	60.75495538178177	136.116
14153.278498748068	24.670364318565344	138.696
14748.241249149954	68.42964906947223	141.309
14351.29507488637	54.87835221889913	143.954
14118.999983474929	0.6831068366177603	146.628
14634.435068632527	69.47936368782503	149.328
14693.387942646195	110.04184158472253	152.13
14636.340149419833	68.40526647141975	154.959
14463.770249833025	97.66765096540455	157.895
14704.205175772091	93.11497622433484	160.772
14574.56949677289	81.96965131807094	163.666
14547.081129408869	58.80862518722558	166.759
14200.816717425761	72.1495535747774	169.875
14528.214863281173	91.02272428356417	173.01
14188.096943815528	92.73442129250644	176.263
14124.290564412613	76.91750155094984	179.533
14118.075975760094	79.533846038195	182.815
14122.70249079881	74.69113993682649	186.335
14176.949555793615	37.819207860788175	189.753
13994.372581617165	59.718480236387826	193.424
13992.873799252213	59.429270573987914	196.85
13329.05441468698	80.91291808802833	200.669
13451.049849783734	97.05616226170477	204.36
13677.05385643408	35.527710335481736	208.044
13337.951166273459	63.0102857042229	211.864
13549.654534477399	81.55983273682651	215.827
13644.786239446257	76.37722054411887	219.941
13994.436871576263	125.5454000225357	224.215
14071.183266359756	108.29609650027301	228.311
13810.561729886327	61.79963591459953	232.378
13734.323679608442	69.59392032929453	236.967
13740.696234775993	53.40059562268257	241.352
15270.434314801745	71.13506396554853	245.7
15121.110077062829	93.63758512984025	250.417
15296.866910404682	84.44605003393617	254.885
15169.500344835691	95.34845583347855	259.74
15164.775018501938	113.53271871834175	264.55
15296.172503715026	100.09488794326862	269.542
15256.82665237808	91.32857869196526	274.725
15348.146754863566	104.13184513374468	279.851
15621.525096754682	92.67627238736901	284.9
15484.310543708	94.67917412634827	290.135
15437.931038287068	91.12901345229591	295.566
15474.155867527548	103.20095669477797	301.205
15618.082427988225	99.59835623858258	306.435
15522.409270642782	110.13752613428254	312.5
15299.836744818951	105.43064966076221	318.471
15408.49341529686	136.72410450717427	323.974
15344.57955207947	113.5930011249442	330.033
15275.89993597632	110.55693573278032	335.946
15517.377851728737	138.955412555307	342.857
15786.029101387918	134.25635975182058	348.837
15836.700624024841	148.83583241683485	355.45
17523.32819481042	184.55207114035662	362.319
17721.158362934573	172.71443423737793	368.55
17496.287299284304	206.0024050897459	375.469
17301.845804209646	208.32997228667145	382.653
17299.207233027235	203.14839103034092	389.61
17537.307985769065	195.7119625385417	396.825
17238.07096004874	188.3570713413425	404.858
17436.308675211712	220.27499344400513	412.088
17648.053703229558	192.17517510182728	419.58
17621.97821074479	207.51428875103795	427.35
17779.808790632662	214.28154036572118	436.047
17817.492186463853	215.88336040447223	443.131
17612.655544890324	233.25157458013868	451.807
17675.25220585328	241.35672660769652	460.829
17859.044699499787	235.70061787897842	468.75
17857.972603470807	255.4809849793365	477.707
17933.1266301441	237.5570609696433	487.013
17825.70529464422	259.90865413242494	495.049
17900.611785114692	253.0286122418523	505.051
17872.813199337455	266.5021230475365	514.58
17799.3250822224	265.15713712532244	523.56
17816.59846445711	260.3102116792219	533.808
17808.061222545883	282.38552381042683	543.478
17734.63215554621	270.83056966747984	554.529
17895.7600421824	276.76149050733386	564.972
18016.99390285325	281.9562812722261	574.713
17940.879848670895	269.2409061688172	584.795
17983.06403542115	296.0036282587905	595.238
18356.84891315777	287.49050331848093	607.287
17718.91407598544	290.78799467116005	619.835
16928.9704559494	355.3710618388742	630.252
16941.31250038253	290.32603118329934	642.398
16938.031380872584	300.68160997235844	655.022
17110.545990165825	307.006202576053	665.188
17090.4958285788	330.95622570160987	678.733
16952.098521476826	296.99799350040354	689.655
17159.998052361912	320.9919670884982	702.576
17081.223613250495	329.42864801610335	715.99
17081.541818206104	323.2433647827008	729.927
17092.62389482608	339.74165187770075	742.574
16922.122660224424	362.2715450032031	759.494
17150.44026415398	349.4492032985718	771.208
16982.881085664845	369.48834916318344	785.34
16962.98839695838	345.17661371454574	800.0
16747.434773562385	377.9965545788122	815.217
16847.018596068112	397.1867491939587	833.333
16707.864578909684	348.5591238443543	845.07
16777.91461588609	392.28483533764876	862.069
16965.695963023434	386.5934560366216	877.193
17061.89090951475	425.66939262525096	892.857
16958.30175959608	381.8379112665173	911.854
17025.794954270445	432.9963800530618	931.677
17186.533399042724	441.3734966997186	946.372
17095.875593593275	475.96632063819607	961.538
16679.392935592474	400.4758920433685	980.392
16637.77393721298	352.13728032755694	1000.0
16042.31258354294	362.1600915339199	1020.41
16249.461551755081	420.4441556656145	1038.06
15964.143401539528	425.01469984217994	1060.07
15539.430868991712	393.013521176348	1079.14
15654.012529046306	395.186968992249	1094.89
16037.952083866738	425.66878625827115	1115.24
15834.850358915992	419.2687333180252	1136.36
15954.27033205071	427.61919022245957	1158.3
15666.359337996564	431.47697825932886	1181.1
15698.631996267284	447.1894964923021	1200.0
16036.956095290381	458.1827667303429	1229.51
15842.387701124948	450.7919334293517	1244.81
15914.238185865097	477.4944225362144	1276.6
15845.10106539137	477.689771225218	1293.1
15875.821694119782	463.97014614698384	1321.59
15787.769900576526	503.60620175870713	1345.29
15845.55803713824	508.0297055131244	1369.86
15977.33131185875	538.3949397031344	1401.87
15862.366169192055	517.3317644136353	1421.8
15921.052955288957	545.6344517025836	1449.28
15801.646457288438	572.112959880923	1477.83
15850.872185389271	563.9146854380566	1500.0
15832.53252631796	573.0569021343596	1530.61
15884.730381579211	590.4398314260545	1554.4
15930.779129594965	592.6749227540238	1587.3
15680.881434084993	582.5859079728936	1612.9
15787.901194128142	623.2944123343494	1648.35
15920.743311117727	632.4407573046725	1685.39
15778.278190990151	643.6235605728955	1714.29
15915.643934168915	657.0318110656684	1734.1
15816.36751055415	661.6273959617525	1785.71
15894.935662669113	685.2549668624214	1818.18
15619.878562904303	654.8607791909658	1840.49
15848.275019159319	699.3973170457184	1875.0
15801.706029341727	711.1398260998691	1923.08
15710.345759160307	712.6277974046207	1948.05
15725.794568413776	735.8221198413145	1973.68
15953.852411329375	767.4376375444613	2013.42
15799.554174574256	763.6831048892146	2054.79
15872.127787124642	782.4023703861014	2097.9
15907.234413797149	832.426756242083	2142.86
15736.473265665543	798.125334138487	2173.91
15794.913143694092	818.3752153869565	2205.88
15609.167024936547	837.1519262556664	2272.73
15716.328657691753	864.7320587424296	2307.69
15750.340266529585	878.1210215777453	2343.75
15566.918384547338	862.6103690787008	2380.95
15647.680009234587	901.0256869813678	2419.35
15728.532297688876	919.7287211770048	2500.0
15733.758029381652	931.3624229419855	2542.37
15700.43684137085	930.7346507597787	2564.1
15627.725105552865	958.6388450676774	2631.58
15648.164088332036	974.8450721194895	2678.57
15639.358491215564	1003.1840475424196	2702.7
15397.620992703434	980.3760528789478	2752.29
15397.452422761187	1001.6780364995891	2830.19
15398.604260476797	1013.175423717832	2857.14
15522.841923352056	1061.589107246234	2912.62
15541.76389571376	1093.7125078777528	3000.0
15749.786320752582	1121.9879413945787	3030.3
15546.851924567254	1129.116502217309	3092.78
15598.114155382882	1134.2571514626345	3157.89
15478.272901329936	1164.2817493868736	3260.87
15628.97239886827	1195.1179504190272	3296.7
15482.723067239385	1218.5330455812186	3409.09
15409.817201396632	1249.6007280489316	3488.37
15455.192642597523	1270.1864706409579	3529.41
15535.523449203944	1322.353980307245	3658.54
15739.182026652366	1371.2149984240536	3703.7
15637.125802793287	1392.4430428625842	3846.15
15679.89401155751	1442.4246934668536	3896.1
15579.353292818607	1458.7690795811397	4000.0
15333.564303492152	1464.0548625892432	4166.67
15457.18803813493	1506.2078587427602	4225.35
15638.269395546758	1607.7744873910892	4411.76
15370.355656931748	1570.6772868499193	4477.61
15464.520757296152	1633.9394441522156	4615.38
15550.092464201925	1686.68018449571	4761.9
15655.48090176279	1795.447950941647	4918.03
15543.147097490077	1849.5205178061103	5172.41
15536.325837084147	1914.9842542307185	5357.14
15337.340186118121	1948.370697605095	5555.56
15515.332899100853	2058.552093117556	5769.23
15212.20190000677	2029.6113799026584	5882.35
15139.422273084443	2134.8372015764394	6250.0
15473.332952635392	2330.824263407202	6521.74
15302.731556443605	2410.3694470817372	6818.18
15461.82207064176	2517.3032029962824	6976.74
15612.179749347128	2685.1065964083105	7317.07
15401.030053855677	2818.4498434838574	7894.74
15257.080440227131	2956.529933966278	8333.33
15277.133385406709	3093.03765487777	8823.53
15036.699977300308	3227.1303975291935	9375.0
15665.743404968778	3900.82662773895	10000.0
15876.647911011332	3966.381760468792	10344.8
15745.733439874322	4359.517180884086	11111.1
15248.741368045528	4589.379266355847	12000.0
15498.727707891128	5353.892620948597	13636.4
15169.195746254356	5379.114100092948	14285.7
14481.182220570965	5998.77585384046	16666.7
14031.956077900457	6473.453395821467	18750.0
13830.768670372958	6841.119062450957	20000.0
12910.373989500134	7458.37525612907	23076.9
11835.981022776114	8072.415135415408	27272.7
11523.912969388692	8283.425154122848	28571.4
10828.149514622568	8558.248751875528	31578.9
9762.4813801201	8781.63528636941	35294.1
8626.40442695736	9000.624181831527	40000.0
7431.133181957326	8676.884258880766	46153.8
6514.535080739698	8364.402948316862	52173.9
5404.6566851100515	8143.539986301733	60000.0
4810.216463527138	7679.928326124695	66666.7
4342.164560086405	7386.648183718354	70588.2
3682.555591995275	6998.853292816212	80000.0
2691.626035661395	6136.787314104157	100000.0
2257.9830470549987	5392.514833369699	109091.0
1985.3743884490395	5128.474329397643	120000.0
1737.1443680299183	4725.00798444002	133333.0
1675.8091527853348	4487.000908885677	141176.0
1503.0508851513355	4108.034923603472	160000.0
1126.6715088790722	3414.194120898833	184615.0
