167
2793.8393695161335	-1.8769501044636916	20.0
2793.6194460465636	-1.7592812425983628	20.7512
2793.299428278429	-1.7871707819338596	21.5332
2793.0895021825663	-1.6676023342994117	22.3414
2792.9595567997594	-1.573429658896455	23.1803
2792.7995978536	-1.4987423961781945	24.05
2792.65963116111	-1.4352989550438726	24.9543
2793.089648693269	-1.4008791926555337	25.8911
2793.5496727795553	-1.352114359531426	26.8673
2793.8196888853467	-1.3184826828060336	27.8733
2793.859715873966	-1.2600066039812479	28.9212
2793.9297673676365	-1.1401390375536729	30.006
2794.0297646530603	-1.1467923818217038	31.1333
2794.129806004565	-1.0411997376480242	32.3032
2794.0498002013483	-1.0566431780215897	33.5233
2794.129794113831	-1.072634794199195	34.7826
2794.249823759378	-0.9924317028715077	36.0881
2794.1598485669883	-0.9199217927697404	37.4392
2794.2499150631725	-0.6889625921926138	38.845
2794.0998705121674	-0.8506490984378501	40.3063
2793.8998690684557	-0.8553474540520621	41.8235
2793.8498708545917	-0.8494855973455263	43.3902
2793.869880253958	-0.8179912790385343	45.018
2793.9298721671034	-0.8451699902853349	46.7144
2794.069879474584	-0.8206783074337302	48.4653
2794.0599376371533	-0.5903313187428162	50.2934
2794.0899387412173	-0.5850855515344812	52.183
2793.8599463572573	-0.5474857308482219	54.1516
2793.8999512412975	-0.5219711443003491	56.1693
2793.7899502074606	-0.5274654437602614	58.2864
2793.6999456586313	-0.5510235552007667	60.4839
2793.709972348451	-0.3930659177933871	62.7484
2793.629925140108	-0.6467315335775511	65.1042
2793.6699536027572	-0.5091533848988147	67.5524
2793.6299632120654	-0.4533693339584728	70.0771
2793.549983103344	-0.307251213887189	72.7273
2793.3999841334535	-0.2977301184253399	75.4717
2793.399988349326	-0.2551273869367617	78.2881
2793.439984681873	-0.2925415159826082	81.2568
2793.5599673471793	-0.4271243672854249	84.2933
2793.6499770574014	-0.3580323739667482	87.4381
2793.2599981089415	-0.10278345175365622	90.7441
2793.419994054691	-0.1822511719769443	94.1324
2793.439938086987	-0.5881331243141837	97.688
2793.3599817556938	-0.3192582503288824	101.351
2793.049963115202	-0.45391868011983	105.152
2793.409991077588	-0.22326645437748693	109.131
2793.5399969293244	-0.13098133333078626	113.25
2792.959986120414	-0.2784425508536849	117.509
2793.399975842946	-0.3673698830211065	121.852
2793.239964014915	-0.44836364197848894	126.529
2793.39999834382	-0.09619120835335501	131.176
2793.41999513184	-0.16491704102836183	136.116
2793.219965267258	-0.4404910637550109	141.309
2793.339989325595	0.24420172702917356	146.628
2793.699999935927	-0.018920885850661706	152.13
2793.7299826449107	0.3114014528797955	157.895
2793.4799800492838	-0.3338620257586955	163.666
2793.4099999659425	-0.013793928823262304	169.875
2793.539999901681	0.02343752804545802	176.263
2793.49999994574	-0.017411222728294706	182.815
2793.7099747124553	-0.3758884555973553	189.753
2793.659997613282	-0.11547881057111806	196.85
2793.32999973869	0.03820801251865134	204.36
2793.619995114147	0.1652223709238431	211.864
2793.3799947329508	-0.17153932931095764	219.941
2793.419999983242	0.009675988556055984	228.311
2793.2599898989497	0.23754940482982712	236.967
2793.5999973223197	0.12231408472522402	245.7
2793.5499997911825	0.034156760417307655	254.885
2793.109998786424	-0.08233651585348635	264.55
2793.299998239699	0.09916701678714612	274.725
2793.439998827588	0.08093284424714871	284.9
2793.5599918833946	-0.21295174888400498	295.566
2793.4399997655237	-0.03619380176280661	306.435
2793.069999807693	0.03277584906508021	318.471
2793.2899998726566	-0.026672326744727172	330.033
2793.4299997871426	-0.034484825185922684	342.857
2793.4899998139144	0.03224368597179406	355.45
2793.2499982852796	-0.09787381686764704	368.55
2793.2399986500523	-0.08684154955710739	382.653
2793.219999988903	0.007873511800226031	396.825
2793.3899946520864	-0.17285142204092982	412.088
2793.3299997184317	0.03966138240609473	427.35
2793.359995418786	0.1599811244612892	443.131
2793.4399958008335	-0.15316735787142685	460.829
2793.3099999795786	0.010681126948430377	477.707
2793.3899974240235	-0.11996421768234716	495.049
2793.399999920058	-0.021133408224457004	514.58
2793.4099969320273	0.13092063328575695	533.808
2793.4099986790357	-0.08590685382856647	554.529
2793.379999999784	-0.0010986348873676757	574.713
2793.3199999779126	-0.0111083844926658	595.238
2793.4399997843075	0.03471380331695585	619.835
2793.459999559813	0.049591224048221326	642.398
2793.349999834711	0.030387841299342386	665.188
2793.5399965083648	0.13967119910880432	689.655
2793.5999998601383	-0.02795414778513601	715.99
2793.5099977828677	-0.11129763841256259	742.574
2793.5399999373617	0.01870732151933204	771.208
2793.4999999620723	-0.014556864774058756	800.0
2793.5499998639284	0.027572565520530824	833.333
2793.6399993874493	-0.05850205801964296	862.069
2793.609998579228	0.08909639425132539	892.857
2793.6599992537613	-0.06457145544945135	931.677
2793.63999997612	0.011550918914140985	961.538
2793.599998546201	-0.09012583410136144	1000.0
2793.6899996814172	0.042190556892522275	1038.06
2793.6799998819574	-0.025681612687079337	1079.14
2793.599999359319	0.05982986273806133	1115.24
2793.739999887377	0.025085391084216094	1158.3
2793.719999999549	0.001586910840635908	1200.0
2793.7199998172823	-0.03195188143346725	1244.81
2793.739999946296	0.017322512662682626	1293.1
2793.679999716513	-0.03979878112806212	1345.29
2793.6799999347068	0.01910018320113089	1401.87
2793.7399999982317	-0.00314330603853361	1449.28
2793.6899998307863	-0.030748359047670697	1500.0
2793.6799999882282	0.008110021447797029	1554.4
2793.67999990385	0.023178086235157016	1612.9
2793.7299999016554	0.023441365077118338	1685.39
2793.72999991695	-0.021541586259524684	1734.1
2793.7899999044857	0.023101810462369053	1818.18
2793.8099999913356	-0.006957977033169805	1875.0
2793.829999927066	-0.02018737187065999	1948.05
2793.7899997287263	-0.038932795428299735	2013.42
2793.839999543408	-0.05051030157607949	2097.9
2793.8199999999865	-0.00027632671322300417	2173.91
2793.789999957703	-0.015373218256231901	2272.73
2793.7699998479857	0.029144239430906757	2343.75
2793.7599999450595	-0.017520896094697612	2419.35
2793.769999663672	-0.043350265423707304	2542.37
2793.779999905994	-0.022918680256465346	2631.58
2793.7499999638044	0.014221186218619035	2702.7
2793.839999979757	-0.010635367102726875	2830.19
2793.8099989465704	-0.07672133320995858	2912.62
2793.8199995614946	-0.049499604661178385	3030.3
2793.849999375975	-0.05904966302056505	3157.89
2793.899999671821	-0.04282286538302023	3296.7
2793.9199997983305	-0.03356930033973197	3488.37
2793.8799994071474	-0.05755621700222745	3658.54
2793.9199999474054	-0.017143254029898712	3846.15
2793.929999314522	-0.06188986425431799	4000.0
2793.9199992115464	-0.06637584821712575	4225.35
2793.9199993558786	-0.059993733293234736	4477.61
2793.8799994371357	-0.05608164187818649	4761.9
2793.899994380616	-0.1772004344207411	5172.41
2793.8699976540647	-0.11449225401612895	5555.56
2793.9299951689354	-0.16430249971770833	5882.35
2793.9799975660358	0.11662287874334565	6521.74
2793.709854438138	-0.9018399189032587	6976.74
2793.8699927991192	-0.20059074880029928	7894.74
2793.8599878442283	-0.2606205099510689	8823.53
2793.959996577197	-0.1382980411629614	10000.0
2793.79984923437	-0.9178333252632292	11111.1
2793.6998766280344	-0.8302580956925695	13636.4
2793.769802334515	-1.050934709355976	16666.7
2793.949983740656	-0.30142260474098964	20000.0
22.71015895037883	7.735680493565398	27272.7
56.133963551578816	16.36676692813888	31578.9
2792.9799465640776	-0.5463432265062302	40000.0
46.195931593640914	6.314519336073766	52173.9
2792.898168447222	-3.1985440681109103	66666.7
51.81915361210616	7.127975121655803	80000.0
2789.4569422347463	-4.130256454413678	109091.0
24.677626206009172	7.318279637079277	133333.0
56.85089701868254	22.124098286283967	160000.0
