167
81.7629804658403	-0.05651851571673321	20.0
81.76078073854737	-0.05612186010518444	20.7512
81.76557993819439	-0.057277663569067154	21.5332
81.76088219719905	-0.05395503443841476	22.3414
81.7585854262291	-0.04881661600834558	23.1803
81.75988650135223	-0.04698186886247366	24.05
81.75968758983905	-0.04504777372318997	24.9543
81.76028906891973	-0.04227832403960304	25.8911
81.76148955857639	-0.04132085193339173	26.8673
81.76239013466747	-0.04016499011620914	27.8733
81.76169077232335	-0.03884508945326471	28.9212
81.76039259659802	-0.03479382359137243	30.006
81.76089307404689	-0.033653295145135896	31.1333
81.76159225350364	-0.035591176081169074	32.3032
81.75909422587672	-0.030727417926001196	33.5233
81.76409468002592	-0.029495181930843533	34.7826
81.76439485739206	-0.02899938753126026	36.0881
81.76969617432974	-0.025012952731929744	37.4392
81.76499447725118	-0.030052205962911173	38.845
81.76659685290996	-0.022685980152991968	40.3063
81.77389634071231	-0.02446361457570142	41.8235
81.7686974882277	-0.02026742966110695	43.3902
81.7696972175266	-0.02133176089746066	45.018
81.77089783122393	-0.018833096837504833	46.7144
81.7684976408823	-0.01964186922563879	48.4653
81.77589744284185	-0.02045061884983971	50.2934
81.7696960020438	-0.025569969542846082	52.183
81.77089720861761	-0.02136604062783799	54.1516
81.77479798825087	-0.018138929446281354	56.1693
81.77259698920207	-0.02219012255354235	58.2864
81.77619775515312	-0.019161160942466327	60.4839
81.7776977480164	-0.019191770960465097	62.7484
81.77349734938473	-0.02082066685013499	65.1042
81.77899742479492	-0.02052304520246076	67.5524
81.7725994496552	-0.009487162351468379	70.0771
81.77159924910373	-0.011081695704646509	72.7273
81.77509933005814	-0.010467527082570855	75.4717
81.7771993855187	-0.010025024660362156	78.2881
81.77749918476971	-0.011547077066565969	81.2568
81.77899957016288	-0.008384706262328104	84.2933
81.77149985353286	-0.004894249190440717	87.4381
81.77419958832512	-0.008205410871523648	90.7441
81.77459895808762	-0.013053885886912274	94.1324
81.77989969054282	-0.007114404797490751	97.688
81.77669995552678	-0.0026969887026967627	101.351
81.77149993706668	-0.0032081622130801777	105.152
81.77879986297698	-0.004734042452019994	109.131
81.78009952319012	-0.008831031573802297	113.25
81.76289917489638	-0.011615753495932678	117.509
81.77759912276505	-0.011978160817051215	121.852
81.7667998986928	0.004070274375697037	126.529
81.7719999682874	-0.0022773680974763387	131.176
81.77259952848853	-0.008781425680020013	136.116
81.77799903578571	-0.012557986772967258	141.309
81.77539991138032	0.003807075132635194	146.628
81.77109975804596	0.00629044474984804	152.13
81.78719989157175	0.004211423216578681	157.895
81.77759997308577	0.0020980853643393473	163.666
81.77259995336013	-0.002761833951448097	169.875
81.76879986029726	-0.004779816905946849	176.263
81.78219997038032	0.0022010738411540392	182.815
81.7805999293689	0.003398897942691755	189.753
81.77079978429079	-0.005939480645324973	196.85
81.76459989944782	-0.004055023739466021	204.36
81.77189987798847	-0.00446701559405898	211.864
81.76149996052798	0.002540586852184085	219.941
81.77139987015599	-0.004608150669980251	228.311
81.76789984141239	0.005092617339794441	236.967
81.76219996860124	0.0022659358721131835	245.7
81.76659993014758	0.003379820917047473	254.885
81.7785999859065	-0.001518253754923441	264.55
81.77499997424671	0.002052304065621572	274.725
81.77159994031648	0.0031242334657402976	284.9
81.77799999714925	-0.0006828309438151964	295.566
81.77459998293055	0.0016708366573401905	306.435
81.7709999667822	-0.0023307736111946075	318.471
81.77569999958858	0.00025939935321905394	330.033
81.77009990486603	0.003944392098579514	342.857
81.77199991314389	-0.003768925030058055	355.45
81.7701999928232	-0.0010833736897917755	368.55
81.76869993233925	-0.0033264187742120498	382.653
81.77679983784645	-0.00514983443807764	396.825
81.7785999983785	-0.0005149833610670714	412.088
81.77269999512794	0.0008926383157332991	427.35
81.7793999911719	-0.0012016291303795336	443.131
81.77909999389267	-0.000999451324974108	460.829
81.77839999748888	0.0006408687404286055	477.707
81.77819991628631	-0.0037002579849227763	495.049
81.77879999452792	-0.0009460448804263941	514.58
81.77369995035036	0.002849573791254164	533.808
81.77499995206381	-0.0027999938535092656	554.529
81.77589999611351	-0.0007972709936958999	574.713
81.77449992534399	-0.0034942691154653126	595.238
81.77739999416909	-0.0009765625902671319	619.835
81.77819997179877	-0.002147670846851095	642.398
81.77739999956403	-0.0002670293016098934	665.188
81.77569998149912	-0.0017394958359668925	689.655
81.77799999927933	0.00034332305215344447	715.99
81.77679998947124	-0.0013122560759437065	742.574
81.77819999225721	0.0011253366477864757	771.208
81.77699999823112	0.000537872532072649	800.0
81.77759999412346	-0.00098037726585828	833.333
81.77799999117174	0.0012016299688496674	862.069
81.777399982063	0.001712798951734614	892.857
81.777499997181	-0.0006790159136096553	931.677
81.7754999988839	-0.00042724637586611866	961.538
81.77659996286981	-0.002464297426556381	1000.0
81.77399999688858	0.0007133487345285069	1038.06
81.77599999878203	-0.0004463200422996975	1079.14
81.77619999957639	-0.0002632145885078761	1115.24
81.77199999042733	0.0012512208848617491	1158.3
81.77379999962406	0.00024795556873668845	1200.0
81.77309999961241	0.0002517698052852824	1244.81
81.77409998884985	0.0013504024973430538	1293.1
81.77569999995293	8.773794516734377e-05	1345.29
81.77639999960059	0.0002555850605685976	1401.87
81.77829999918004	0.0003662110766106076	1449.28
81.77719999549574	0.0008583070839531636	1500.0
81.77639999923046	-0.0003547673015757654	1554.4
81.77639999931098	0.00033569329963569714	1612.9
81.77649999871878	0.0004577637609306705	1685.39
81.77659999966893	0.00023269654188992744	1734.1
81.7756999999145	0.0001182556588598394	1818.18
81.77579999955148	-0.00027084341672022055	1875.0
81.77629999953876	0.00027465872664281043	1948.05
81.774999999197	-0.00036239697803903763	2013.42
81.77589999863193	-0.0004730220796046703	2097.9
81.7753999999872	4.577633124165809e-05	2173.91
81.77479999955148	0.0002708429591751758	2272.73
81.77409999903765	0.00039672779643081234	2343.75
81.77339999967967	0.00022888248086385776	2419.35
81.7751	-0.0	2542.37
81.77519999974055	0.0002059930581465019	2631.58
81.77619999995694	-8.39232623848192e-05	2702.7
81.77619999772226	-0.0006103522966694343	2830.19
81.77589999909237	-0.0003852842053083144	2912.62
81.77469999966893	0.00023269684436246814	3030.3
81.77499999837843	-0.000514983526719761	3157.89
81.77469999748874	-0.0006408697168146575	3296.7
81.77469999177723	-0.001159667788005254	3488.37
81.77489999425967	-0.000968932676315628	3658.54
81.77549999161423	-0.0011711114193042006	3846.15
81.77519999403145	-0.0009880070985001143	4000.0
81.7759999932223	-0.0010528557790292325	4225.35
81.77059991119805	0.0038108762760633015	4477.61
81.77509999926319	0.0003471373204303626	4761.9
81.77509999054405	-0.0012435925967877706	5172.41
81.77659995140971	-0.002819059886516236	5555.56
81.77759998482406	0.0015754694533094775	5882.35
81.77599950276769	-0.009017945312966612	6521.74
81.77889998688057	-0.0014648493445550941	6976.74
81.77819936904953	-0.010158542599009593	7894.74
81.77789930891947	-0.01063156752320678	8823.53
81.7777992272915	-0.011241921610372874	10000.0
81.77749928288817	-0.010829922633648079	11111.1
81.77639908947884	-0.012203207848238687	13636.4
81.77739863350499	-0.014949809974282585	16666.7
81.77859774983354	-0.019184131992613544	20000.0
81.77669700178015	-0.022144277876076507	27272.7
81.77649547938077	-0.027191190020139894	31578.9
81.77619302661655	-0.03377149020369795	40000.0
81.7732883511723	-0.043647749445993554	52173.9
81.77138195953408	-0.0543174740198836	66666.7
81.77067276547966	-0.06673807641325324	80000.0
81.76475223188365	-0.08838268312694147	109091.0
81.7588277004722	-0.10873019129693036	133333.0
81.74939218252021	-0.1327706236450493	160000.0
