148
23935904.697730877	3236308.0803818707	20.0
11108757.672748646	3522625.182750512	22.9674
-2679790.064405839	19084372.97295124	26.3759
-7766090.859526824	32664380.336561933	30.2877
-7688386.920277253	8799712.646110078	34.7826
-3432819.5146488543	-13783658.885428282	39.9361
-5078965.091643178	11909194.876139613	45.8645
4042631.4092806927	5824780.4532614965	52.6593
-234870.12574897025	5305043.343991702	60.4839
-8433576.698418755	-3606797.744923911	69.4444
-150942.59699082485	4806010.253506921	79.766
743080.3715445378	4444094.405559498	91.5751
-472033.40825447446	3905245.7195920036	105.152
3215964.885922504	1922070.9189344328	120.822
2245356.2457662565	9700598.863704162	138.696
-1486880.2486292208	2423234.1132949386	159.32
-719794.1574015875	2957200.0443951264	182.815
-1379560.386490461	2659850.862158683	209.937
805336.7265084016	4771819.071060504	241.352
-92489.27877479528	3063634.220041896	277.008
-143963.18048617145	3441029.8057797034	318.471
-473945.5685222686	2336404.05713098	332.963
-759991.9798492254	2293437.3235309604	348.837
-66095.94339580077	2362135.451210751	365.408
391370.5151031891	2108688.5047127907	382.653
55931.8596637175	2097754.4844606	400.534
-87139.57154435628	1810253.9096963902	419.58
238385.90738368104	1772037.2905672328	439.883
43258.76208077839	2070848.2246420763	460.829
-119817.14304122576	1721886.307144998	482.315
-73811.82112294144	2202523.5419088067	505.051
80539.39531339666	1653549.7470298714	528.169
12456.498295081305	1578610.8549133395	554.529
43579.64676845877	1397760.7978432993	580.271
33009.08703981404	1371222.7479781678	607.287
13398.09873783733	1296010.7473899324	635.593
-52929.01512569412	1280366.4518245643	665.188
3171.362243901838	1272446.047957051	697.674
-6084.068180393514	1116553.424164906	729.927
99711.42853564423	1086775.3340131443	765.306
24241.98341308088	1095131.720954242	800.0
41061.308134519204	1033674.7694871352	840.336
58436.91478217472	951076.4237908229	877.193
-46771.19939464993	951372.0146967673	920.245
37542.33230602529	916140.1025858567	961.538
31800.93313775487	868915.2626468061	1006.71
-13264.326708040408	835542.7203566448	1060.07
34070.24978530193	779431.7218689313	1107.01
39969.989594400125	757512.2284741175	1158.3
12170.245555850926	708140.4275622952	1214.57
30941.525463649392	675582.8140820209	1276.6
16833.277061708075	629650.0269263583	1327.43
15612.2670607333	616436.3284826945	1401.87
25566.142671020505	585349.9438907679	1456.31
13888.984337955117	576206.6330666977	1530.61
15384.50461553845	544912.8681887907	1595.74
3823.2658949059473	516390.84680394636	1685.39
10541.782090866638	498645.58142968506	1764.71
18288.096672618383	474347.58934782515	1840.49
2299.8031922786	453746.17178470694	1935.48
29323.909481613588	417299.96474204754	2013.42
5890.364015612034	409550.6430965084	2127.66
16278.822312079157	395814.3885018984	2205.88
9450.08758212686	373308.4073908464	2307.69
15155.70457793657	365970.3174777243	2419.35
14109.013411836737	338935.46610165277	2542.37
9236.59109234739	329172.43594959885	2678.57
12928.848252342732	312672.8137892194	2803.74
14519.135062982727	294620.4595764233	2912.62
16081.865943016765	284104.2028354928	3061.22
14105.233469605497	268114.22493737243	3260.87
10658.28357007894	258165.0813265415	3409.09
15165.056204067301	238293.9345563111	3658.54
14051.400221137308	223814.34980095763	3846.15
15008.878589415797	211026.9346872294	4166.67
14272.914065498677	198413.29945363765	4411.76
12392.161511873977	184262.7671941991	4761.9
11330.970926263597	171642.399639099	5172.41
13326.908611854637	152784.87075575013	5769.23
12852.333396674068	141078.78329238857	6250.0
12504.348391311547	127316.41807837944	6976.74
11589.738367380465	121070.53869780074	7317.07
11261.546992818587	121092.46790915007	7317.07
12693.180269904895	118673.10425970872	7500.0
11328.732715430411	112489.98753694631	7894.74
11868.890984830081	110236.89628609025	8108.11
11177.068865743175	106967.63824433273	8333.33
11133.360977615597	106326.70754491603	8333.33
11204.54087450036	100775.03202575353	8823.53
11563.194349315174	98327.62665436386	9090.91
11909.041369219152	95299.5802630118	9375.0
10905.070764890654	95731.88931914343	9375.0
11700.916191382845	89799.9952844778	10000.0
11077.932355933573	90054.89287322128	10000.0
11083.988506470298	87195.34281020079	10344.8
10749.400477724383	80863.35430502186	11111.1
10730.746007631798	81258.22547785359	11111.1
10211.516410249575	75242.1316166229	12000.0
10383.181993685675	75692.96251915366	12000.0
10493.328557752471	72615.74867602107	12500.0
9966.072506703913	66573.26856029469	13636.4
9777.590642133253	63571.77890955128	14285.7
9955.53256331978	63442.12412609369	14285.7
9449.002486894133	60738.10526920204	15000.0
9605.226127051877	54852.869453641164	16666.7
9469.255204197452	51928.18739497634	17647.1
9273.501499197013	49102.57665646876	18750.0
9319.305619706982	49125.96611952276	18750.0
9163.695262690613	46194.5609051817	20000.0
8918.566397269882	40205.80678244734	23076.9
8935.389040193273	40268.34771306608	23076.9
8693.485418190994	37278.44128948662	25000.0
8531.013601099432	34359.05487972358	27272.7
8613.441453620433	34424.25506202063	27272.7
8517.103834879883	32892.69597518383	28571.4
8386.090247943624	31399.00461023159	30000.0
8255.17279357587	29988.409717059105	31578.9
8127.384041702759	28485.54521031106	33333.3
8054.974436489243	26966.05922984493	35294.1
7939.564797965336	25531.494610948837	37500.0
7858.649594781187	23961.402345990635	40000.0
7749.776714284208	22460.494404370053	42857.1
7697.174084114698	21003.524498731946	46153.8
7578.402267036652	19460.776078280476	50000.0
7483.9254608555	18713.705987493733	52173.9
7426.093265068677	17180.01817544154	57142.9
7313.446522038928	16440.399619816933	60000.0
7311.727343100815	16440.398178272688	60000.0
7215.853468732533	14899.424880101265	66666.7
7149.242737930287	14113.77687630604	70588.2
7153.123097307033	14141.514248650059	70588.2
7084.216032150064	13372.30517225164	75000.0
7031.652204519175	12596.47227261191	80000.0
6904.019480041625	11070.74222575911	92307.7
6826.953760339119	10294.871062533592	100000.0
6830.40319013979	10303.742459423574	100000.0
6761.825543873957	9514.461180971504	109091.0
6713.6625991282535	9155.677258677615	114286.0
6694.241980919595	8763.532229694467	120000.0
6702.522044229884	8768.406077310316	120000.0
6628.096180177216	7982.049615626316	133333.0
6601.22549283169	7972.114032851576	133333.0
6593.70210980843	7611.441031572657	141176.0
6554.69320487605	7216.483432728973	150000.0
6507.564114641539	6832.517027379418	160000.0
6454.659763594262	6035.516713243141	184615.0
6445.051684086858	6053.110830296199	184615.0
6413.62172692345	5655.820608898011	200000.0
