334
518295.2367464011	8862.347713333298	20.0
545060.4201114725	8833.79034758632	20.3721
536513.0549785582	9145.661188481185	20.7512
532217.2983014764	11613.859163829962	21.1402
541129.4891789648	10114.055413761855	21.5332
536163.4407408686	11417.794792038409	21.933
560532.3106353951	15296.987113313824	22.3414
570153.5312210188	11173.182411597712	22.7583
574583.5750385687	14360.413117230186	23.1803
559374.0499764256	18290.41120290505	23.6128
549106.5025961326	17832.93645599121	24.05
570634.1699081536	19197.395193945707	24.4998
570411.4906346769	14587.972988934385	24.9543
574898.4102030128	17640.762654956212	25.4194
575077.7942206744	14556.759195770323	25.8911
559033.5920889209	14744.453199695517	26.3759
587881.4136691734	16959.81539799999	26.8673
558790.9249333781	16483.79107183357	27.3673
557454.8683835713	15013.306246631711	27.8733
544259.0302585842	21713.655748987585	28.3956
553129.8434891196	19852.668276634824	28.9212
542317.6653740304	13908.984120390665	29.4638
557434.9978726399	16696.77728575087	30.006
566285.5834950992	19052.48439482575	30.5686
551599.6888796606	18564.454526370275	31.1333
557505.3347735448	18372.984597985593	31.7125
552226.8142888065	13751.217561945976	32.3032
549117.624415095	11734.88839838933	32.9092
544121.2562496205	12288.4538219778	33.5233
548115.8323995182	13858.389299742985	34.1413
547984.2549140404	15235.182384993823	34.7826
553146.4485764531	18327.818398744297	35.4233
554977.163216524	20563.47422347868	36.0881
555492.7803603244	23602.94480687371	36.7602
553118.4412881791	23229.144257486834	37.4392
547948.5737802444	14217.812110025123	38.1437
547257.3847221778	26237.832666633647	38.845
550832.6665845477	19536.209057963868	39.5674
540655.2072212241	22399.08626652495	40.3063
564866.6161538402	22611.45099081875	41.0565
558278.3652028629	15227.578350441423	41.8235
557418.769553353	27526.223017805165	42.6015
555317.188535364	19199.773909578802	43.3902
553448.9947464967	25627.094608875304	44.2022
558685.1100790831	26389.138673378475	45.018
560659.0319940413	26585.548038446635	45.8645
561678.7441117805	32060.4438835922	46.7144
570133.4327267475	24555.79628550776	47.5813
563701.5904968008	32505.198282382007	48.4653
573396.721143149	38815.39466868544	49.3665
574356.6196690944	30027.37623055397	50.2934
569525.8719285955	26819.505084417156	51.2295
569340.3539687033	34587.76435087418	52.183
562827.0938582704	33614.45104495406	53.1444
553887.2112246089	31916.373193478692	54.1516
555687.1060319204	40910.275859119654	55.1471
561638.778911419	37027.15472312502	56.1693
570910.4939360509	41294.763804801165	57.2192
561100.5237217221	37899.10183908355	58.2864
560021.3792811088	42384.53582480811	59.3824
570542.0277192595	46625.398035789345	60.4839
577256.5190084775	42351.058147527736	61.6143
573083.5960208322	36550.75205562301	62.7484
591442.8513699558	47209.34800838083	63.9114
577249.9274112531	43224.61404920855	65.1042
578187.0489113322	51712.488783704284	66.3277
564202.9321534185	43676.941633829956	67.5524
559543.9759429483	48696.72747687917	68.8073
574118.191112148	37887.82552634966	70.0771
565454.7236376265	45719.20292279194	71.4116
569213.9911208625	46264.052927284545	72.7273
573258.3349623879	45900.3272880559	74.0741
567336.561862852	42817.38050883415	75.4717
569368.349822998	42602.86163905156	76.8837
570761.119503607	45275.01937038958	78.2881
570212.472839585	49696.39518280467	79.766
564541.1666054757	43348.68414068045	81.2568
577677.1372225547	52666.97693387982	82.7586
576996.8553994257	51650.297919510835	84.2933
564228.4026709558	49630.62832950799	85.8615
565009.4431944132	45766.676754371496	87.4381
560208.5108354968	50909.72084459929	89.1001
570958.9367718891	50205.28621882333	90.7441
558027.258581472	57928.84735645128	92.4214
557491.355246871	63472.38355385047	94.1324
557878.7221932195	64630.66937654795	95.8773
547339.2941668854	62648.4686955364	97.688
552976.6115630985	71935.91286828899	99.5025
549591.5763815292	68564.83847035415	101.351
541412.0486543941	69879.03105261226	103.27
556540.3528489658	73874.87891528898	105.152
546863.9397574001	70971.35966722516	107.143
550178.972507204	65158.96551448007	109.131
543899.2250600165	68269.26737642255	111.152
549380.3310741726	76847.35044119896	113.25
539354.1367854289	79556.591382769	115.34
533416.3671771307	69909.2820128528	117.509
532784.7093127385	84971.32367181711	119.713
557411.7244617506	82288.83667653511	121.852
536213.5321733308	75329.64459759743	124.172
546955.521476747	77158.14388060212	126.529
544440.6080580527	70311.46237547533	128.866
545226.9070350535	88949.69966216377	131.176
546112.0990272125	70164.3534645055	133.63
543731.9343809418	86044.35796935896	136.116
542672.5242704462	88887.23540498996	138.696
547776.1785104573	80639.94454660601	141.309
543496.6742898398	85552.91203041404	143.954
539201.9526827404	78269.06050362295	146.628
537329.0202356407	92159.126718988	149.328
540214.1160164453	80084.82241080762	152.13
532987.4696456706	84210.67629288667	154.959
535487.417929357	80651.82557357324	157.895
545948.6317202463	91933.69756401026	160.772
542817.4081609586	80670.02069182404	163.666
544996.6585215743	85244.21581150565	166.759
551867.8124285531	86133.05408682146	169.875
542076.7075308075	92409.70599217035	173.01
543210.1634472514	88542.43032925154	176.263
545932.2542371607	95620.48333140841	179.533
537288.1033589623	109220.7064522522	182.815
535477.5470629482	104974.022936382	186.335
550803.481603553	111722.89404327306	189.753
546301.8748236353	104085.18725150594	193.424
527507.7851071977	116025.47280790789	196.85
517028.0115744237	96350.13382656797	200.669
514577.58826966776	107746.45618103759	204.36
520883.46623960935	106092.340355983	208.044
529596.5731977852	115856.15347560495	211.864
532161.2404162945	110167.5189136563	215.827
525244.8759530863	110861.67856399692	219.941
510461.16046724457	109563.8591116342	224.215
505261.9846222761	114534.92679771881	228.311
526821.5088540496	119442.43246326866	232.378
512579.20946382836	126620.79684805659	236.967
512934.601165605	127037.29197004219	241.352
522535.99585334363	120646.54626865382	245.7
510369.3456737926	127366.69690505759	250.417
510113.1692771081	120559.3218546971	254.885
511454.6603361587	134393.26586337775	259.74
505780.3244669069	127101.42177863455	264.55
502486.91026434005	129812.54665477082	269.542
511657.44088482123	132231.1998402635	274.725
506596.41006065113	132296.5483663902	279.851
514171.31613436085	144358.56873999262	284.9
514152.0080974258	137331.97696962117	290.135
524200.56736416667	150201.2057211451	295.566
504458.3020749222	139438.91885942937	301.205
504616.35373985965	138903.54121939736	306.435
510288.3897549996	152040.17932852358	312.5
514179.8613300161	155002.13362288085	318.471
514852.060727444	157078.93087777324	323.974
504193.40500243474	156343.0122552678	330.033
504199.81983466534	165883.63707036027	335.946
496890.86314720707	162269.79625556787	342.857
496112.0841611117	162643.34112812005	348.837
487794.467365298	168456.45602589773	355.45
488983.1602299355	166841.61525394442	362.319
498145.71244012576	178422.80516380066	368.55
495165.966656517	177403.31919419402	375.469
495308.43497721164	191110.70729141604	382.653
489322.3466096611	188442.9845454977	389.61
488260.1044157045	181530.89497924407	396.825
483119.16743481305	190543.4061469802	404.858
472962.11761668255	190179.41543590702	412.088
483457.71854438935	195407.14266590663	419.58
472790.7132215172	196168.00420937416	427.35
469115.2785187932	195596.69358461845	436.047
466511.85725796927	197294.5647850445	443.131
461829.82079454506	199685.11568436533	451.807
464118.8024639841	206178.13297097554	460.829
455932.219824272	201830.99016283825	468.75
459196.87332730205	202379.66642533467	477.707
452578.577836859	209054.52572036363	487.013
451797.44866137044	210787.0201959227	495.049
450432.70097284316	218844.67875255557	505.051
446341.00368600554	220052.91970925807	514.58
442664.1356028747	222822.75865575267	523.56
439656.4181918782	223787.10753456806	533.808
434227.55299368873	222746.06370733748	543.478
430665.06287992065	225943.15327230876	554.529
425945.20053485985	232135.46686647873	564.972
420695.15062573814	232665.57168817977	574.713
417285.8729504165	232185.84436827508	584.795
415969.7304991921	236411.26064007505	595.238
414210.2522417359	240523.81864970777	607.287
401450.26639645227	237031.3338489608	619.835
402647.15974850743	239393.86915804664	630.252
396481.3202011676	243294.480127559	642.398
391748.9170948952	245156.16284314965	655.022
389119.25906473986	244790.2052654637	665.188
386691.98438040516	244269.52970017464	678.733
382329.42688563745	250712.91099243375	689.655
380262.2085995537	255680.73106902192	702.576
375251.63183126075	253753.19275425075	715.99
370071.5304908239	255464.01470496625	729.927
368357.4024512177	259620.40190322418	742.574
361882.9122979416	258812.45381696813	759.494
357827.62495009654	254306.13622673962	771.208
354762.2361370666	252794.49216117858	785.34
347300.5408579586	260967.3151196705	800.0
345845.22728435136	262882.99866981764	815.217
337090.17513538705	259518.47278410467	833.333
333608.219127671	263945.66286731034	845.07
333721.5891228764	266483.69753007794	862.069
324967.9739222542	262257.3056920723	877.193
318627.7998104848	265517.7851612385	892.857
317239.65802190197	266958.9580855954	911.854
312183.90256087994	264327.14622387727	931.677
304997.7528887595	272775.14523285883	946.372
300452.11754155444	265357.9837008789	961.538
297962.56113456376	266861.5974210815	980.392
288262.7117308413	268559.2326965913	1000.0
289309.86273564975	271676.2438139917	1020.41
283819.24778783374	270912.8806575063	1038.06
278549.69766479306	267431.43334292696	1060.07
274711.61239009246	265881.4338799074	1079.14
269434.8150000176	269799.03647327266	1094.89
265411.3381197547	269880.94797795796	1115.24
256205.56310919768	266213.72261380317	1136.36
253224.31263593186	272259.67196604755	1158.3
250761.24143883094	270902.76373831317	1181.1
244223.6501418856	269578.3907073671	1200.0
239556.41940101943	270201.4447403323	1229.51
236357.6238246842	268296.09953174694	1244.81
227779.04435491952	265352.0167659549	1276.6
225097.34894360718	264821.6897132105	1293.1
219428.3294210821	264198.5391546915	1321.59
215239.9655899243	264414.9206036758	1345.29
210732.9673256843	264129.98221919464	1369.86
203900.58264690705	261625.9077389925	1401.87
200975.79352516675	264272.65189180954	1421.8
195296.0756424906	260552.9259836523	1449.28
191916.71219560053	259972.10686731574	1477.83
187737.26565070375	257734.4687987951	1500.0
182671.09279668186	257445.5076661196	1530.61
179359.4568413697	254879.16251739537	1554.4
174056.08121828287	253322.30720355938	1587.3
171144.26351705266	251093.27639187322	1612.9
165907.06477046036	249570.3221844502	1648.35
161953.5932643682	246777.86418915208	1685.39
158774.22251600167	245458.5786246616	1714.29
155556.94355097288	243774.38954303513	1734.1
151943.73246192868	238661.0398484383	1785.71
145408.95610123314	239840.74510922798	1818.18
144600.71328819086	237992.92048409008	1840.49
140686.64715370632	234136.3464343982	1875.0
135016.91773864365	231005.6312849458	1923.08
132093.16878270736	229106.86904137812	1948.05
130676.59871369519	229027.08524019574	1973.68
125891.8522548727	227360.97747818843	2013.42
122765.62735964579	223236.0085089155	2054.79
118249.65486868624	220134.12406857006	2097.9
115164.41564677913	220379.13627368608	2142.86
112203.03959588634	216584.64357946516	2173.91
109470.71920691594	213915.33614334566	2205.88
104593.64254929406	210765.33068621723	2272.73
102074.56884955248	209359.92242589785	2307.69
100055.43356808434	206452.04434323884	2343.75
97229.7983653987	204827.29212393527	2380.95
94615.00328897288	202374.80365062162	2419.35
88242.07276905383	199338.97913459124	2500.0
86973.90152109922	196681.8836858091	2542.37
83972.83929697447	197239.6712160221	2564.1
83598.4250359717	191725.82145476653	2631.58
81521.60546414857	188499.03508121124	2678.57
79927.48912233533	187007.39789270092	2702.7
77447.43460553147	184866.6633793717	2752.29
73936.58313155072	181075.78136192396	2830.19
74065.02295056736	180312.13807265426	2857.14
71440.54409519128	177225.73613440862	2912.62
67513.78219632931	173863.78391587653	3000.0
65926.3533221901	172397.52975793404	3030.3
64479.104729252205	169810.29018676732	3092.78
62038.309999682555	166188.026621605	3157.89
58993.23322280545	162870.1908236117	3260.87
57413.28051804375	161392.0853702449	3296.7
54501.030319896956	157713.55654816004	3409.09
52426.08151280032	154797.2168135242	3488.37
51293.74790173188	153129.41419006858	3529.41
47416.31133906742	148524.81785545681	3658.54
47615.38475356457	146958.65246650166	3703.7
44882.37961887859	142819.67103920548	3846.15
43398.30141514518	141263.9934104944	3896.1
41774.28555384006	137591.19127133914	4000.0
38428.31205341457	133666.7101178352	4166.67
37925.84044973031	131827.9608094641	4225.35
34754.37996544826	127055.42807065445	4411.76
33397.214694644405	125862.43909379728	4477.61
31824.24644557	122747.62308970233	4615.38
30645.853144573484	119226.3984570583	4761.9
28753.085455034405	116024.2958729571	4918.03
26203.451384252057	110927.09108037197	5172.41
25093.875817348053	107353.14809293444	5357.14
23316.991663367546	104011.46835215071	5555.56
21761.09267577535	100541.98996218604	5769.23
20871.893131078974	98760.57635071201	5882.35
18761.87924608959	93504.97755117185	6250.0
17594.507564270825	89605.44891813677	6521.74
16346.209133409691	85958.77760651808	6818.18
15642.50135921757	84206.62099304826	6976.74
14618.150333724607	80757.32374782256	7317.07
12760.897033039902	75001.86837007564	7894.74
11768.937934310166	71326.78106670982	8333.33
10514.082084835325	67574.33356440405	8823.53
9537.261075611566	63793.21637929556	9375.0
8479.140389414415	60032.651036803305	10000.0
8108.723149112225	58101.19364850478	10344.8
7217.148861517722	54269.912636751986	11111.1
6451.943490993368	50371.57602059944	12000.0
5284.221972942628	44498.4458307329	13636.4
4916.594049670318	42545.55965833269	14285.7
3951.500385353764	36581.701367685855	16666.7
3385.695580108193	32606.293318910626	18750.0
3109.5018227133237	30647.056266051764	20000.0
2582.423531446694	26659.516409609354	23076.9
2148.055759167359	22619.132460496974	27272.7
2043.8743119611638	21613.074007343454	28571.4
1851.1873378171852	19596.658507263564	31578.9
1664.0976749423326	17566.354315231478	35294.1
1516.9464776429966	15539.434039692902	40000.0
1353.4928403461215	13509.668109214666	46153.8
1253.9510927964072	11986.08605454152	52173.9
1158.354908502194	10451.605487481283	60000.0
1092.6278843888695	9427.454238544777	66666.7
1063.7419515988163	8916.572273043534	70588.2
1004.5770017390918	7897.060816378262	80000.0
927.4924865531389	6356.17663910369	100000.0
902.2943341270837	5843.306485903522	109091.0
876.4413038523958	5329.707712905231	120000.0
849.808666661907	4816.505791553282	133333.0
836.6655667025218	4559.349247413971	141176.0
811.5969589247042	4045.7681289421635	160000.0
784.7972773084191	3531.3862554426546	184615.0
