334
2182248.4139721887	23743325.702599373	20.0
1124509.7545777839	21418300.64808736	20.3721
6462732.918900613	18523249.66384026	20.7512
3968708.0315346657	17015086.006260216	21.1402
4190111.557423939	19063748.806998648	21.5332
-2262384.643565934	17489177.045663327	21.933
2443582.2500920678	14896308.5006667	22.3414
2540187.0179104386	17939854.05052224	22.7583
254023.5536970506	21676811.64111012	23.1803
3546160.715263721	15783845.522290196	23.6128
615824.786256608	14618734.716884086	24.05
3842403.4941516463	16067755.537975153	24.4998
1655205.4814632195	16965849.456308816	24.9543
-51586.58422398791	14014605.057379536	25.4194
4365684.634715423	11300955.697648304	25.8911
-294287.3939002393	16805923.574138716	26.3759
2313944.3655513143	12350503.578119125	26.8673
1897014.7612271952	12306245.469503935	27.3673
2792832.3009631406	12523569.027186178	27.8733
2785125.5617610384	11259141.967984295	28.3956
1718789.1573097305	17538077.780723706	28.9212
1405573.5881329896	12615439.157569703	29.4638
2411372.453165159	12413764.15645618	30.006
2897979.1461690916	10915246.237642514	30.5686
878202.8995139478	13047378.023085147	31.1333
3513268.916680712	9634415.733145686	31.7125
4336700.842191938	10805098.158523675	32.3032
2600977.4601665926	9296482.795235269	32.9092
2091123.762211525	8505071.80851604	33.5233
3518823.3673725547	10426106.527329983	34.1413
2794899.1150169554	11536780.711571034	34.7826
2507552.979565932	8378719.762867715	35.4233
4484693.311059271	10365748.32782179	36.0881
3075536.1406265665	7674972.369676639	36.7602
3703228.3838272495	9538554.207908882	37.4392
2280640.0674099517	9813578.39388489	38.1437
5169822.371634825	8580165.262729155	38.845
3283625.2785458495	8029848.1688133245	39.5674
3453142.5238648457	7498429.517270688	40.3063
2568585.6369188353	11997420.152508384	41.0565
2248111.0153465094	8887970.55334218	41.8235
1570744.9240497286	8868848.154099382	42.6015
2026452.7018735025	8370917.691099918	43.3902
2009968.5757870257	8390182.535603661	44.2022
509745.6928971003	7811475.684956899	45.018
-132395.73652967045	8582388.863075873	45.8645
1884850.9421741317	7516508.665509892	46.7144
271304.34986073605	7699021.261806376	47.5813
-155129.7471498826	7562789.138006507	48.4653
-1693514.7981613476	8238480.137501609	49.3665
-310019.48244664294	8479344.468802026	50.2934
149831.20975941993	7943437.047719458	51.2295
35910.774286621774	6734914.261992511	52.183
-317016.7581101337	6140492.092982234	53.1444
-265807.4552690306	6182578.711251754	54.1516
69307.64756372145	5541206.577956572	55.1471
386924.07082538866	5459596.430828556	56.1693
575559.5058362917	6125639.894708265	57.2192
642673.9562801938	5482631.395125807	58.2864
644007.2649038756	5690433.616197541	59.3824
120645.75502127357	5447594.216412907	60.4839
870311.2651811014	5441379.364949559	61.6143
1078598.4323623592	5525939.075859004	62.7484
168620.12008697563	5391053.614202131	63.9114
-338352.89669460175	6092521.888791075	65.1042
572353.7743131197	5387774.160553644	66.3277
1541723.562448547	5589037.608156789	67.5524
663480.9963476966	5021487.3179552555	68.8073
-231151.51383600885	6115543.098184438	70.0771
457654.0797311022	5337756.5155133745	71.4116
872699.8708026065	5335975.836939398	72.7273
102911.1578742627	5450378.529614707	74.0741
816081.0165957583	5803704.714607044	75.4717
-32180.154437313555	5115878.790399591	76.8837
166267.83694021436	5085742.83443424	78.2881
688123.4288323815	5001413.930839155	79.766
221760.98284758918	4362106.689901849	81.2568
-5671.704604424743	4901426.718483801	82.7586
404420.26389485603	5079365.417426789	84.2933
-67677.9428013098	4437353.922436004	85.8615
385678.5922415458	4508824.858828138	87.4381
58584.34977424052	4449154.311277766	89.1001
131025.73693988998	3977162.2947346964	90.7441
-5722.950108697189	3955375.859794117	92.4214
-16624.85311271813	3978815.2679860597	94.1324
-141016.02804966227	3782792.4944719207	95.8773
14726.719790987047	3576829.683298353	97.688
21841.027581996248	3354908.906351134	99.5025
299022.9891101054	3252935.209081739	101.351
50403.607768697104	3493906.453988701	103.27
476627.338392019	3017144.8712147283	105.152
280360.9693360035	3344750.4716006806	107.143
115584.47324498238	3267556.3330330937	109.131
517156.21027534636	2989193.60600374	111.152
339136.7175294967	3369385.548571626	113.25
255140.72603155766	2984534.165714993	115.34
286954.7083857131	2933126.698974197	117.509
563353.9457805319	2753643.8393832827	119.713
467883.3850352505	2824327.086300019	121.852
471451.6751585272	2857185.1165771913	124.172
461011.5610251236	2703078.9098176877	126.529
362422.28223059245	2817909.3214194756	128.866
564337.6240300038	2448352.6193349212	131.176
383865.3305469805	2852325.6563029503	133.63
575310.0307714291	2628711.2114863014	136.116
402766.2299694852	2556740.2990714894	138.696
468603.9805559094	2626240.717795525	141.309
367683.6893966677	2601444.597632564	143.954
541851.3519873575	2539444.940227977	146.628
673885.5171684348	2638812.338865845	149.328
449733.6176531663	2762410.0277751302	152.13
408300.37969949073	2580092.9518017857	154.959
516629.17189249146	2498638.7331604543	157.895
319304.5256843996	2420005.781042157	160.772
346266.53961903014	2427982.904808076	163.666
248308.48566922825	2329252.0040658233	166.759
244913.24318097782	2359905.3709237105	169.875
355136.7908213677	2231355.4117184244	173.01
234825.31029559823	2283779.0055179545	176.263
189422.05152116314	2213871.163369159	179.533
179201.65527061513	2345684.78639997	182.815
281704.96531225904	2151687.550509697	186.335
459669.45096215303	2026090.4847148738	189.753
230764.22800881154	2022598.2768388528	193.424
211505.46648436517	2189558.288821568	196.85
208632.79339404395	1993442.024845618	200.669
304972.91720682365	2053244.4113330396	204.36
321890.7109989678	1947294.792416541	208.044
255539.2165168384	1895240.1486149349	211.864
206607.35608223442	1890634.54229333	215.827
252638.61043569908	1869587.609318461	219.941
234944.0804847923	1776430.941254164	224.215
214529.26634571256	1751319.4574323585	228.311
211901.8736155031	1696205.1078976975	232.378
264830.26908310613	1717957.50560873	236.967
297201.0484562039	1597794.2848804202	241.352
218588.92412325068	1620211.1573343272	245.7
240848.83033474066	1629254.1491511958	250.417
185085.60803687182	1615874.4973845033	254.885
226859.3333279451	1575268.470224044	259.74
157027.22137181528	1587874.5656216827	264.55
180981.00112962595	1537283.4114860273	269.542
186695.09253843487	1494645.1518745394	274.725
155013.20142194224	1496251.6683315411	279.851
190313.15416947182	1500942.658781496	284.9
158180.24633632513	1432664.1220359292	290.135
108821.45548807344	1465615.5748781662	295.566
126533.17213219739	1388727.4126876604	301.205
124267.73581077094	1395969.8241496712	306.435
104803.82320827393	1351011.0523385545	312.5
101387.81162623354	1375839.3425664362	318.471
89127.546813185	1328623.901824389	323.974
89031.05559860436	1302771.3641460647	330.033
112844.43632315744	1264796.0173841903	335.946
86086.45435348137	1220076.7166358212	342.857
76534.7154648704	1225873.1846845788	348.837
77319.70062063693	1204701.2975405708	355.45
83735.84354024453	1181095.4204070913	362.319
87689.00188810671	1138347.5731725646	368.55
67247.11203446213	1114903.7854555093	375.469
53859.7397204417	1091752.2680705758	382.653
77819.38999429402	1037726.2414244501	389.61
81133.9385279725	1059919.2442912522	396.825
59308.05163879817	1036394.4244884809	404.858
82445.01082466768	1020284.3977490396	412.088
79968.43431875866	1002184.5570615256	419.58
79832.10428652455	998212.800521605	427.35
50598.21162911859	973271.6436719684	436.047
44250.65799954594	965844.8485293108	443.131
51882.68820118951	947149.0560761902	451.807
50909.91875339642	923869.3650151641	460.829
42290.53827089357	893454.6756258865	468.75
46315.167693815456	908812.601863274	477.707
60421.436859412184	877267.7115247342	487.013
38973.31353668888	879670.0773136318	495.049
49316.92947717452	842365.586506799	505.051
56996.66641637039	839035.3025817334	514.58
42790.45481238293	834862.1172031639	523.56
43655.64236031279	817974.868936148	533.808
50035.552254460235	795536.0502042577	543.478
41620.84984285966	773305.7516166281	554.529
50590.02430336858	760625.4578154642	564.972
39911.72590378872	753334.4775173779	574.713
33774.727785909716	731299.4803799519	584.795
43011.15593546952	720963.1616733928	595.238
36064.40153106116	716375.7819965765	607.287
33783.03424938611	687889.9385496962	619.835
36047.125344651155	680524.9680910959	630.252
31369.98067629786	682721.6795125	642.398
39679.518761884174	665273.7299238752	655.022
37220.36434827226	646126.8417902029	665.188
39569.4898532448	635881.0280184132	678.733
30295.089271232857	624296.3707463371	689.655
37048.994174737556	609060.1995095725	702.576
41753.76945519362	610910.7951512091	715.99
36762.254124364685	595091.5725732433	729.927
30021.192163737862	588278.4731375676	742.574
37902.4296976793	577908.4082473731	759.494
36872.80522346284	558463.0509496153	771.208
34671.7633087716	557771.419071523	785.34
34883.946449009716	540581.6318708421	800.0
36121.11499333053	533120.7243210853	815.217
37799.46801810372	523447.9782543327	833.333
31920.71536601268	518070.540312342	845.07
29896.55208303507	507736.57700578	862.069
29517.80989791866	496738.7513812772	877.193
28693.258440327372	492382.6687080655	892.857
30795.51188114001	479556.22442418424	911.854
30679.122169620536	468850.33120592067	931.677
29012.544087663253	464687.18806263787	946.372
27622.602211601705	456608.2457600384	961.538
29040.64893607016	446525.63943224127	980.392
24301.015354650466	440937.86762052204	1000.0
27972.679627010464	431967.24132564105	1020.41
25911.979346347543	419606.6898446144	1038.06
26920.927257258096	417851.6808624915	1060.07
23588.92414282006	409728.530013208	1079.14
25865.629589690834	405397.6843667572	1094.89
22246.551652447382	396060.70262596745	1115.24
21569.63651459436	389595.3639927307	1136.36
21204.355025107507	380554.7087515397	1158.3
21753.37406802625	371862.27386043954	1181.1
21164.712994505924	367341.793599449	1200.0
19718.400024202547	360766.52800043067	1229.51
21191.44778012956	354477.1285160469	1244.81
19707.364448745848	347293.2963512027	1276.6
18514.038938699116	343182.9650291173	1293.1
19043.884809580468	333593.8626838921	1321.59
20060.97624550797	329560.99052084	1345.29
19333.67487464289	323866.4373856013	1369.86
16988.77062295997	318286.9291578284	1401.87
17747.83807925319	310243.77228965063	1421.8
15373.45778395569	305672.64888564195	1449.28
17802.295597672044	300639.3816974967	1477.83
17653.668362707434	296751.3574852515	1500.0
15389.782638763758	290857.13380684267	1530.61
15560.717101521248	287850.71395479713	1554.4
15743.49115116927	280968.26825706323	1587.3
14238.703311767029	276135.1396182664	1612.9
15469.919821372801	272081.56317861803	1648.35
14821.902533207276	264868.6113798615	1685.39
14572.011946522043	260313.4577943108	1714.29
16152.974497985779	258008.85568303158	1734.1
14532.692753126794	250407.6438177222	1785.71
13886.38633722071	246462.1104419368	1818.18
13655.066352350053	243719.76851891377	1840.49
13502.092553600703	238640.33603034087	1875.0
12875.564949157959	233165.7720769496	1923.08
12763.88672999552	231084.76402511666	1948.05
12386.423749720367	227627.24310304414	1973.68
12380.08334035658	223809.85822900166	2013.42
11561.005336535763	218243.00345396777	2054.79
11861.126617327578	214876.8840321539	2097.9
11990.895532088463	210297.42448574718	2142.86
10815.14813520346	207160.88149024083	2173.91
11493.175925127298	204679.57130879984	2205.88
11248.88846690639	199446.02948481854	2272.73
10384.240017056889	195325.1616158762	2307.69
10392.82823500288	193146.59354303332	2343.75
10166.20028961631	190097.355406832	2380.95
10130.813186938007	186800.4878183442	2419.35
9293.786572647667	181419.10368024113	2500.0
9070.379697082308	178343.4935402768	2542.37
8961.80672911491	176682.86311963023	2564.1
9435.454237011889	172337.8989640446	2631.58
8879.943191727536	168785.57097664388	2678.57
8929.701103502824	167871.66621917498	2702.7
8774.879492350266	164706.42091277053	2752.29
8781.861742325786	160590.06134981912	2830.19
8521.323956275606	159089.94990894993	2857.14
8348.544005690164	156503.4852295151	2912.62
7705.3799738406415	151468.13531386308	3000.0
8248.019613216196	149892.2424058697	3030.3
8042.135637571051	146696.72437851812	3092.78
7944.235622856358	144426.67740195556	3157.89
7787.655904107927	139651.0287807405	3260.87
7835.297855092337	137996.73934018146	3296.7
7507.92413571176	133557.13720790963	3409.09
7358.830307752889	131035.53022177496	3488.37
7326.775139317519	129359.67631011558	3529.41
7046.836259152759	124942.43466387507	3658.54
6693.884569340534	123678.98572260505	3703.7
6556.95682296767	119118.67073730187	3846.15
6564.211103773127	117200.31821025531	3896.1
6425.5300345583855	114580.97435776582	4000.0
6113.656616161654	110154.47416596234	4166.67
6085.650751049662	108791.92202979157	4225.35
5927.720840296954	103807.89302668419	4411.76
5654.708061046152	102786.57325129746	4477.61
5566.081066973086	99697.14402788017	4615.38
5339.9366168845245	96658.90955632417	4761.9
5450.0837108802925	93682.3012315261	4918.03
5179.607537779305	89285.68747226277	5172.41
5046.479740764495	86114.76034035078	5357.14
4686.710188941445	83127.68727502812	5555.56
4631.548786977514	80097.00384205297	5769.23
4621.742452541609	78721.04458315053	5882.35
4277.2545012545725	74217.14962204825	6250.0
4256.373048820782	71239.66000311394	6521.74
4086.613597977435	68126.74137180514	6818.18
3998.1697356790487	66660.10563128968	6976.74
3873.3019461491162	63712.97378394731	7317.07
3581.533004429712	59015.62205872425	7894.74
3389.5351576008193	56041.189069963424	8333.33
3354.78619927787	53028.88842477405	8823.53
3200.419305957678	49931.83846761557	9375.0
3068.0257654497846	46906.87229300773	10000.0
3011.2751351078414	45394.43199006549	10344.8
2869.74350547735	42322.417657463404	11111.1
2746.7429693389618	39240.885625459414	12000.0
2552.075328306485	34659.067643672264	13636.4
2483.6393226076393	33096.24102832824	14285.7
2295.9899786148417	28456.324630178442	16666.7
2175.184656154633	25372.431140149525	18750.0
2116.140241692545	23815.56967274748	20000.0
2001.501261103791	20693.632081918342	23076.9
1876.9527004069669	17573.248043558568	27272.7
1852.3003029222555	16797.278481878962	28571.4
1789.2460960803357	15224.017467398719	31578.9
1734.862159120945	13653.119412751439	35294.1
1680.9622778685216	12076.572974995144	40000.0
1634.117371785763	10495.64999536608	46153.8
1586.854779347674	9309.798605456588	52173.9
1550.4104604339386	8119.144266896422	60000.0
1523.998443798662	7321.713255304339	66666.7
1508.574562070083	6923.185466262988	70588.2
1484.2051061891575	6124.958133012995	80000.0
1444.888379397294	4923.233403514672	100000.0
1430.6679386307733	4521.149909201637	109091.0
1417.2109572779486	4119.920164538546	120000.0
1405.145905059577	3717.8453727790106	133333.0
1399.3922084111698	3516.052891672438	141176.0
1385.031033727306	3112.1900482638057	160000.0
1372.5984824458124	2708.5615473877374	184615.0
