247
1171836.8698210707	417682.59842607164	99.5025
1473405.5376783714	412837.9149723403	101.351
1494342.6804706976	532605.2663311269	103.27
1477897.9597417978	528730.5149989283	105.152
1527139.3683804262	589754.858515496	107.143
1425342.047865713	554356.806656124	109.131
1478219.9392891768	508051.3351895675	111.152
1534570.0180327753	587650.0296561617	113.25
1445975.3114377584	576467.3635276136	115.34
1384793.8128978556	552762.4963398105	117.509
1411393.7199476222	594550.7946276863	119.713
1484906.46416745	594088.5693848364	121.852
1433984.6711404852	588272.0157666132	124.172
1428836.3660873778	633286.4999715507	126.529
1514646.0600482463	649779.0181133307	128.866
1429195.789058848	596471.4288517574	131.176
1505514.282321066	602748.0417448783	133.63
1497407.7909430675	624071.286090782	136.116
1471543.5799987668	668351.895534391	138.696
1496903.3036349816	700356.6728222686	141.309
1432443.8664980568	645434.325808674	143.954
1429081.8237554939	749673.9487348294	146.628
1405730.3007255911	695918.6699765563	149.328
1490403.0036890013	769699.1249798863	152.13
1451839.692504887	756130.9879030982	154.959
1454708.8705063998	764882.8888594612	157.895
1382998.5505457565	750603.8121328297	160.772
1464737.5553960502	746269.5397189962	163.666
1385516.554463705	758312.4480760044	166.759
1443479.07416042	807189.5118625961	169.875
1438128.4289651169	802024.2167804692	173.01
1401225.8023895684	780588.2980917086	176.263
1466702.650483502	912785.7287801284	179.533
1387130.1730279622	916538.1276714109	182.815
1419691.815451351	926891.3526085176	186.335
1366170.4972584688	856827.6893988361	189.753
1451734.3655566846	801866.6178122961	193.424
1364213.7196914488	909906.8960094879	196.85
1319992.6441364319	803224.5939497312	200.669
1283390.3073731381	825175.0888997329	204.36
1318859.9604282118	809928.203471947	208.044
1275179.3837459122	788972.6038775968	211.864
1207633.6594944175	823131.0556989826	215.827
1244315.539757488	801279.7499113722	219.941
1205818.3738597468	778885.2927499887	224.215
1219873.0141356448	832374.9572059562	228.311
1192485.0428145274	811407.2912314966	232.378
1180088.9035067095	892329.1154166897	236.967
1132963.7481758147	844872.792389132	241.352
1181898.3383699562	893019.8840778051	245.7
1111147.8443584368	840814.9406246296	250.417
1064144.2177230902	898262.8458789289	254.885
1146135.7759367945	937830.7139445593	259.74
1019623.6954891768	932746.015588914	264.55
1058640.2832016407	907787.6097318965	269.542
1121375.16338515	949105.8608200289	274.725
1123331.231844971	887761.7427900687	279.851
1055366.368508906	953830.922711318	284.9
1047952.1519378508	955882.6202253223	290.135
1033712.2820880921	937355.7991820549	295.566
1028181.3132743363	946153.6027165257	301.205
1007015.9133601127	941518.4067449227	306.435
996335.2621743706	942671.7548796762	312.5
983210.1717662396	945536.5070875908	318.471
967140.765817453	958901.4881592533	323.974
925264.2851634687	949919.8110898284	330.033
875594.4713665958	996475.339289564	335.946
877790.507251364	992566.5349382848	342.857
856072.0027361399	925448.4256463642	348.837
856027.1453711871	966277.378803652	355.45
845193.6205596764	961620.2012048343	362.319
814054.6827223527	950337.6991563628	368.55
792849.9455282592	940183.2712167541	375.469
752218.4813092438	966086.2882666406	382.653
735891.6066692803	955609.2285205837	389.61
729413.033515585	927541.3880995241	396.825
714539.8059452816	904631.2231067859	404.858
690023.8784488288	946262.3970498014	412.088
698471.7615912243	912615.3577272585	419.58
684814.2518049012	874893.8919234112	427.35
642908.2054848361	926717.2661714401	436.047
650843.9596378834	911163.985132688	443.131
632443.5102410892	905515.0724609334	451.807
631688.729147246	903016.8715856517	460.829
597688.9732416648	890374.5030408971	468.75
568351.8475345344	876557.6840710948	477.707
572776.3618985713	898310.5162749888	487.013
581950.7522503805	871247.0802563508	495.049
549098.4401211978	909134.7926223412	505.051
522518.50015558547	893721.2566539735	514.58
515052.5083535879	876108.5992836033	523.56
508848.3709192971	888783.4803892213	533.808
490074.4409120743	850677.524612422	543.478
465992.9014306217	857031.8217810065	554.529
453711.95886837	860530.3812044212	564.972
429897.31230760034	826275.690838537	574.713
441475.6737357708	815773.9818972822	584.795
412329.3963331264	815686.1585926046	595.238
405010.3168030587	787523.8305213919	607.287
388532.6273271453	795306.0269772043	619.835
363407.0624715901	787177.6058436683	630.252
372967.3943414819	781201.9002678664	642.398
353090.83915776893	758231.6523984359	655.022
356338.22408365255	745310.2783759987	665.188
343965.83425408386	739388.3521302537	678.733
334325.4799858657	740734.9450216457	689.655
323652.021200357	719667.8861731456	702.576
313288.7418520388	718956.3454958629	715.99
310579.3777741076	711761.5621016972	729.927
293124.6877939603	706382.0093983802	742.574
282571.8999909449	689481.8711587037	759.494
290657.30576269387	665899.6136857056	771.208
274126.42201959423	676181.8823184597	785.34
263390.34242143977	654441.5141592995	800.0
272917.50984897965	647491.8556235532	815.217
265076.9597963057	636021.013635672	833.333
240812.37162851306	638875.9082847395	845.07
242253.0649527843	624290.9720931274	862.069
226809.11069396738	623498.2503633924	877.193
229894.0600981924	618675.4247548295	892.857
217866.67061039104	601781.1179009718	911.854
214366.21657259524	592451.5059254649	931.677
203573.64544826976	582328.1788432552	946.372
200146.92326887668	578796.6739114888	961.538
190220.30775492918	575499.8813219861	980.392
188389.11307039132	556181.6653914001	1000.0
175351.6167110381	558181.7862003607	1020.41
178629.73297444664	550282.0766647573	1038.06
171750.486025169	534203.2726463946	1060.07
162026.5434334198	526168.9869462263	1079.14
166793.7756397025	520932.0864535535	1094.89
153036.082906069	515616.55174438184	1115.24
148136.88993610608	506706.8390391608	1136.36
139210.98513431236	497253.8353265204	1158.3
139519.81151468048	490662.3023668193	1181.1
136897.58927900472	483019.9085696126	1200.0
130998.1066973517	474459.84970881284	1229.51
126732.6306144976	469753.9459531227	1244.81
117821.65432404356	458280.6515971906	1276.6
113381.36929434225	457218.5293554276	1293.1
116163.07677071194	444858.6182374819	1321.59
110560.7707272517	440287.717095533	1345.29
106949.24265737564	431296.62690080685	1369.86
103637.54903225099	423608.560860835	1401.87
98158.9605450135	419916.8591920578	1421.8
94079.42371315893	411455.3724400739	1449.28
92150.95100604808	406125.5616551129	1477.83
91760.10094205957	399715.8448749599	1500.0
87112.8945724996	391604.81218723627	1530.61
86911.98576727298	383169.77195362025	1554.4
82779.74088306463	378541.5296481123	1587.3
79218.62215912281	374639.0714170242	1612.9
77425.73080921716	365290.70210540347	1648.35
72690.62910626143	357021.12004212855	1685.39
73848.89081648417	352018.1289169281	1714.29
69395.67633460365	349146.31987472373	1734.1
66507.92419331925	340784.7675813807	1785.71
62963.60839910734	336011.67184692237	1818.18
63393.01003913914	331789.2191726211	1840.49
59918.1121267155	327456.2097260798	1875.0
57495.60194673043	318889.2358136021	1923.08
58725.774083216995	313828.6915409854	1948.05
55981.57187241282	312934.09084772767	1973.68
55051.632052951696	306381.3583629174	2013.42
51515.575720699395	299292.8183137125	2054.79
48919.52325395603	294436.7707566527	2097.9
48462.09153738874	289551.47197833715	2142.86
44677.10510272503	285272.7094897794	2173.91
46883.72796861033	281709.31313637	2205.88
42837.329492872974	272734.3492960119	2272.73
42918.99507857837	268956.10188736185	2307.69
41727.617879925725	265478.6593119434	2343.75
40132.5913769312	260027.195395736	2380.95
39898.33649778296	256469.10469042792	2419.35
37530.25113615147	249151.21852733815	2500.0
34595.27887309349	245381.2778997063	2542.37
36021.69579411929	242856.0697226156	2564.1
34561.446411589546	237374.13833637993	2631.58
33829.84586484057	232945.32158805235	2678.57
32051.820198608657	231540.07930800246	2702.7
33292.3766271952	226549.84428931525	2752.29
31147.190578689268	221175.60598550376	2830.19
29630.063132665735	219468.8838053227	2857.14
29657.721393940086	214819.4079004954	2912.62
28308.530042741397	208800.74867638576	3000.0
28271.44612769055	207080.0408896258	3030.3
26094.407744095468	203023.92844313916	3092.78
25341.90365163249	198926.3006123408	3157.89
24325.589658855686	192887.16368060623	3260.87
22684.210622404888	191363.1960368513	3296.7
21892.971851848655	185271.97441732563	3409.09
22258.2088175024	181239.33717942267	3488.37
21659.19916819681	179078.9394300524	3529.41
20662.815717266247	172814.09106792853	3658.54
19665.199258069097	170938.55122277257	3703.7
18053.960117156767	164385.5662766294	3846.15
18032.50950939529	162532.733628625	3896.1
17574.50881965407	158707.90882545174	4000.0
16618.76811556694	152299.97426894403	4166.67
16282.789697694223	150315.66380341293	4225.35
15268.724902899628	144238.09474559617	4411.76
15339.081964656712	142248.3598973343	4477.61
14340.09895473528	138052.21326356343	4615.38
13391.919698300655	133810.5299585734	4761.9
12857.579825334922	130014.78316728117	4918.03
11906.24621671862	123660.14363984409	5172.41
11739.994327950517	119658.45904982935	5357.14
10587.825915325575	115478.6357357358	5555.56
9841.659349641352	111304.74321539768	5769.23
9664.529332153328	109155.99278916366	5882.35
8828.50789222201	102963.19599447647	6250.0
8302.135737387485	98747.61646843934	6521.74
7971.146481968274	94349.17519434393	6818.18
7678.935388456034	92393.54651548948	6976.74
7260.460872915566	88216.4260441493	7317.07
6685.2254893831205	81849.23820901514	7894.74
6073.698519710448	77636.18108750369	8333.33
5689.245926854037	73564.03242396229	8823.53
5292.047863263823	69240.75976405028	9375.0
4871.140852705214	65022.39497244858	10000.0
4696.072880585624	62996.90929236313	10344.8
4366.811339632328	58618.571457551385	11111.1
4148.84562674838	54379.36261786645	12000.0
3641.5579986441926	47945.40674133978	13636.4
3451.0032536297367	45782.51904715857	14285.7
3061.554200233143	39355.59726556103	16666.7
2798.5544510455948	35051.35702643384	18750.0
2686.1460805395304	32910.66123984752	20000.0
2470.4843809230015	28569.684783238605	23076.9
2228.037977604485	24241.52586906097	27272.7
2188.048961095051	23165.696518426786	28571.4
2083.260350228509	20994.292392771084	31578.9
1990.5079224681567	18812.386902532904	35294.1
1901.3977716230133	16626.43129339748	40000.0
1814.6872356823828	14440.120980332938	46153.8
1760.3074410299018	12799.217390256905	52173.9
1702.6764494865085	11153.990099886409	60000.0
1664.425615332899	10056.594400244234	66666.7
1648.7445434498352	9507.317604816008	70588.2
1612.2554313330525	8405.819302467613	80000.0
1564.9580206495705	6747.782815710993	100000.0
1547.52938391106	6193.491100819621	109091.0
1532.3081646581088	5640.220049264221	120000.0
1516.9953169497794	5085.773987148115	133333.0
1508.695087356092	4808.692542623992	141176.0
1493.236174931254	4253.9189129527	160000.0
1478.0757747545529	3697.8486908179098	184615.0
