247
41799.216791347215	1219.4115916935737	99.5025
35467.76715106836	379.7438052117491	101.351
34203.07935830812	446.9881533969486	103.27
34385.50852810756	-218.06811651896186	105.152
35578.535257694944	233.27538866749737	107.143
32201.64963775544	-170.30859415988846	109.131
32722.36529444385	-219.27869704249153	111.152
31326.887819693562	27.625030956793637	113.25
31702.04464183764	127.24314100639052	115.34
31690.14353354304	258.76681286491913	117.509
31989.000007311788	399.93847302610754	119.713
32615.915887808318	321.4608054072015	121.852
31873.263102971352	48.498028464913695	124.172
31317.961609970775	-183.63781309063464	126.529
30497.586757482284	1051.2604148550638	128.866
33592.45933808842	-251.39446866710384	131.176
32698.565242384193	-123.9053249233478	133.63
31670.22800559868	-131.25670799202618	136.116
30445.614472604204	244.9713157768113	138.696
30488.06908087421	179.92687359602115	141.309
31326.053574745714	635.5499053271051	143.954
30521.273149805493	87.99588037186254	146.628
30263.85870896406	-120.85054348250534	149.328
31195.887674185462	-27.731383012336284	152.13
31308.619977425882	-424.6732380653256	154.959
30481.35913539128	325.77733085395994	157.895
29908.42141309105	297.399709073084	160.772
30533.646153564052	124.50614018222242	163.666
30541.159630899998	164.00902378872917	166.759
30232.9675650854	272.98690168989316	169.875
30717.433967467354	63.69226234602618	173.01
29213.833455013948	-402.05773554011176	176.263
29255.099071148223	7.372062278047397	179.533
29180.704603808816	-445.16472821971394	182.815
30219.231400531797	489.7670886381767	186.335
30154.379348165094	282.22086555482156	189.753
31134.50279232078	-305.3389509535528	193.424
29585.36880126694	-177.28988414728752	196.85
29495.748638322908	236.90326057784895	200.669
30069.782196984183	356.88686713454035	204.36
28639.919071898446	101.80159678284181	208.044
27309.521439352535	206.21552692306526	211.864
27499.087517785225	26.201129530957772	215.827
27089.93711611578	174.6347470941416	219.941
26877.908146890244	558.0137429590847	224.215
26654.231226213127	514.6866809673314	228.311
26932.082080204105	79.69733464156705	232.378
27367.49836399416	-181.46874876071615	236.967
26828.493858972783	-18.15238440392511	241.352
27448.099943776167	1.7568365417611143	245.7
27384.165205958452	43.65332489520052	250.417
27911.348325845436	218.0446590156231	254.885
26832.00271085743	-206.84865128755263	259.74
28797.443721844036	56.9327430008051	264.55
28299.98690118582	-27.228527520888697	269.542
28441.124053488657	164.53915664302443	274.725
28698.251050401523	53.00507643543979	279.851
28035.790318698986	-78.42203736323974	284.9
28048.560106869147	116.00591083455093	290.135
27989.85976969289	115.96586966599094	295.566
28212.508835429635	148.5652072489572	301.205
27577.755570792564	116.11062664459159	306.435
28015.224303844097	99.21877495228361	312.5
27590.28934650526	107.81477690220352	318.471
28108.31108861952	223.54504107436762	323.974
27791.491629122927	-21.570312707474496	330.033
27793.852041373113	117.4032037875187	335.946
28867.292874845534	-20.282206295043945	342.857
28600.488633233905	133.45628594431238	348.837
28820.510097238523	129.26861557307595	355.45
28754.461247883988	117.17693432649928	362.319
28864.265218344866	-44.80954191626091	368.55
29047.01801849964	69.01190446027933	375.469
27835.87733573549	327.172416146503	382.653
26304.40913215014	69.14085952872105	389.61
27123.389413316607	106.88168030335167	396.825
24919.4078744857	272.70495965464346	404.858
26398.918718531288	175.1877346686663	412.088
26580.016410596876	122.78315194172379	419.58
25077.621190046422	94.70104822334233	427.35
25335.786876647948	237.497265402808	436.047
24577.603184126023	98.35935968851459	443.131
25471.955502116998	132.4771232007729	451.807
24881.3314763933	115.59637468341755	460.829
26500.01599220477	216.45605302554992	468.75
25346.97568896067	238.74051444374768	477.707
25430.26583397792	179.5951647886686	487.013
25655.833135202465	222.73836366291127	495.049
27032.433727143147	174.9736769164019	505.051
26897.15307465265	115.25293360040824	514.58
26208.929504091924	200.96850385021753	523.56
27273.56830018086	185.62816426840087	533.808
27154.603506691903	126.8952495407984	543.478
25738.260026915043	195.17117335130234	554.529
25975.840030502484	136.75214713021595	564.972
26215.481871906595	219.40643503961232	574.713
26308.43922496066	91.97557584062852	584.795
26142.504725131497	203.9156356863975	595.238
26733.48654689082	232.78165135452733	607.287
26000.11297311397	226.55373603293575	619.835
26483.1749827861	195.96438740905313	630.252
26532.47850513716	166.35316178142514	642.398
25268.735975950105	231.89268579427807	655.022
25678.98549204507	216.7212710807663	665.188
25098.884868873134	284.74302283138104	678.733
25722.344659180973	273.6268888541809	689.655
25691.862590358076	241.75532705447912	702.576
25488.15396818775	230.91975652822447	715.99
25673.723488664906	245.78901028305071	729.927
24807.567069485445	40.420947307504825	742.574
25025.967080435814	238.1304242276432	759.494
24521.275830672126	299.1074156468819	771.208
24752.351244599053	192.52915102834334	785.34
24383.295210263273	296.67608456367975	800.0
25020.729928574605	252.10680540400284	815.217
24800.21997573241	343.5926589482161	833.333
23910.88860738952	310.1490206499148	845.07
24476.1958385541	252.6727582208476	862.069
23968.027271256942	150.5356246323205	877.193
23942.993388054154	208.36225568740852	892.857
23774.68070603362	184.9391417539676	911.854
23147.953628853047	329.59503404782055	931.677
23621.33879144588	162.8290813524856	946.372
23347.669052728244	229.80697177356393	961.538
21944.479119967924	221.80061607613936	980.392
23308.183775814607	247.70814046511728	1000.0
23709.479382596335	250.24796950088444	1020.41
23792.37500134007	286.5076013093188	1038.06
22632.808187742397	268.43415740316357	1060.07
22705.354619018028	326.36009963953654	1079.14
22303.994057757704	275.86511470131217	1094.89
23373.717097806893	340.6985055585574	1115.24
23166.02191263366	270.4043331330803	1136.36
22986.570969088873	217.50596093123343	1158.3
23184.124277473773	294.91945790539376	1181.1
22801.420399976607	300.46514528426576	1200.0
23535.391841663404	322.40443446629075	1229.51
23194.29331847232	373.47656776622784	1244.81
23914.73716454473	314.1155690873178	1276.6
23158.29850398914	408.4385022673559	1293.1
23216.603150759645	373.04463558293384	1321.59
23276.516010101444	366.4243325587974	1345.29
22193.736613116278	316.9718404242356	1369.86
22582.35672750648	332.1982414806314	1401.87
22958.111946161625	370.4174368342379	1421.8
22274.793014908002	334.2026825231836	1449.28
22938.69803056704	400.84099398613677	1477.83
22992.02197919256	427.7163877223199	1500.0
22768.386611536243	427.5194353677785	1530.61
22742.391513858143	387.9390678871681	1554.4
22502.3912116166	380.02778761554464	1587.3
22278.31875084361	399.4762143232554	1612.9
22336.724548451024	405.22661144781245	1648.35
21951.39568464777	439.7512206091151	1685.39
22551.732070214995	453.92766299976	1714.29
22495.92033867651	473.3591933410982	1734.1
22113.66108594988	412.0675014436206	1785.71
21935.705595101274	408.01996892642796	1818.18
21778.342019330874	450.45298206046215	1840.49
21734.963637700963	424.0571633834429	1875.0
22550.968859369936	555.1075064591911	1923.08
21616.39781489864	487.75518248954006	1948.05
22196.62980108881	531.8218436809043	1973.68
22088.74710097915	504.1644166193564	2013.42
22862.009134353873	544.8216136681805	2054.79
23012.591445689846	559.8315047963463	2097.9
22376.602295994588	526.6930101013983	2142.86
22677.108471830383	602.0908293925213	2173.91
22229.21623885135	584.5228963758493	2205.88
22353.96120848767	635.7572566856669	2272.73
22761.063699539256	634.2911598914432	2307.69
22466.634496221563	543.1874935851168	2343.75
21878.796076360297	591.8585042400739	2380.95
22963.929292128574	581.8721131995053	2419.35
23934.745337829583	750.2185436557592	2500.0
24945.146795480057	781.9629863050119	2542.37
24355.227845834706	813.1974037574055	2564.1
23934.90059953988	883.4674471340423	2631.58
25387.987391113944	899.0169290061116	2678.57
24962.379698512606	857.393840242388	2702.7
25075.704320987243	926.101855317088	2752.29
25750.073232646264	955.638714867897	2830.19
25666.187274334432	1082.3824641933347	2857.14
26210.983822129194	1006.4617062172102	2912.62
25084.853865652232	1082.5034775335657	3000.0
24951.9634953597	1250.9183091780333	3030.3
25538.186446449217	1043.5867364035594	3092.78
25476.93398568244	1105.321446086603	3157.89
28056.169936413404	1270.0143735772933	3260.87
25228.798951109344	1130.1638352486766	3296.7
26210.382839615908	1074.5423029215876	3409.09
24745.1961689676	1055.5708641826257	3488.37
24153.52797909759	1091.9896533163499	3529.41
23790.294009129535	1114.8183346067958	3658.54
24398.870976963135	1157.2496444182068	3703.7
24133.698656802753	1191.6336486676557	3846.15
25271.1356559304	1369.1931564111953	3896.1
24604.987912247074	1221.7102472253455	4000.0
24261.18709804048	1234.9960946797062	4166.67
23975.967256258744	1165.938513305295	4225.35
23415.058500369225	1266.7698742419084	4411.76
22966.518786223245	1307.3746716434173	4477.61
22881.563105751142	1321.6345665607114	4615.38
23086.192879786693	1364.8078865855782	4761.9
22246.525468945412	1170.5553594610965	4918.03
22257.508033037826	1415.9245775311279	5172.41
23184.505749927273	1571.43069258214	5357.14
22558.56433740484	1449.731370001477	5555.56
22253.702112007068	1497.0498689263002	5769.23
22510.143536236257	1586.7558029012937	5882.35
22232.493017802262	1590.329746742365	6250.0
23948.108869571504	1817.792774534709	6521.74
23615.798858194554	1832.6315858068033	6818.18
23440.809258137597	1903.8868988494894	6976.74
23412.178835559665	2022.7907780519802	7317.07
23404.437557761652	2175.1852093180055	7894.74
23748.641938149136	2342.5902978506656	8333.33
23839.65734599854	2476.0791658139196	8823.53
24614.038063991557	2871.7749188219423	9375.0
24424.34203910049	3035.9227999124782	10000.0
24082.73899530603	3057.0996849900516	10344.8
23731.787966180465	3039.9605948518765	11111.1
23602.508599061577	3246.9497795968814	12000.0
23706.47259316663	3691.72290799832	13636.4
23536.84237297433	3793.5813514092424	14285.7
22721.132410198064	3958.02335620283	16666.7
22661.776563996013	4719.020806642113	18750.0
22667.18792040444	5090.689837445493	20000.0
22038.937308143635	5515.847352648063	23076.9
21329.34322139239	6015.175428368023	27272.7
21190.132525798403	6362.787013494994	28571.4
20532.053324395456	6761.398167108746	31578.9
19565.57275914797	6586.633651303742	35294.1
19062.22029337968	7210.579841223861	40000.0
17880.88361052617	7254.3128045885005	46153.8
16908.375475290817	7261.754748446416	52173.9
15605.35920543088	6544.222495413319	60000.0
15158.815758906932	6718.127226207823	66666.7
14997.378004007587	6588.3219027996365	70588.2
13858.537681513226	6263.165249303102	80000.0
12974.897717993837	5615.358013305856	100000.0
12628.581053456232	5255.762412465609	109091.0
11943.51571434749	4883.398741771407	120000.0
11901.207489885848	4618.659576401466	133333.0
11199.768181711777	4390.223562179547	141176.0
10614.061447138449	3978.7844483421372	160000.0
10059.359797091416	3492.8258935510858	184615.0
